0.00 44.80 32.20 31.46 34.14 34.42 33.29 31.25 32.98 38.33
1.00 44.80 32.20 31.46 34.14 34.42 33.29 31.25 32.98 38.33
2.00 44.80 32.20 31.46 34.14 34.42 33.29 31.25 32.98 38.33
3.00 44.80 32.20 31.46 34.14 34.42 33.29 31.25 32.98 38.33
4.00 44.80 32.20 31.46 34.14 34.42 33.29 31.25 32.98 38.33
5.00 44.59 32.05 31.63 34.10 34.47 33.65 31.68 33.04 38.83
6.00 44.59 32.05 31.63 34.10 34.47 33.65 31.68 33.04 38.83
7.00 44.59 32.05 31.63 34.10 34.47 33.65 31.68 33.04 38.83
8.00 44.59 32.05 31.63 34.10 34.47 33.65 31.68 33.04 38.83
9.00 44.59 32.05 31.63 34.10 34.47 33.65 31.68 33.04 38.83
10.00 44.47 31.61 31.62 34.51 34.34 33.67 33.18 33.38 39.62
11.00 44.47 31.61 31.62 34.51 34.34 33.67 33.18 33.38 39.62
12.00 44.47 31.61 31.62 34.51 34.34 33.67 33.18 33.38 39.62
13.00 44.47 31.61 31.62 34.51 34.34 33.67 33.18 33.38 39.62
14.00 44.47 31.61 31.62 34.51 34.34 33.67 33.18 33.38 39.62
15.00 44.70 31.01 31.35 34.74 34.19 34.29 35.04 32.73 40.56
16.00 44.70 31.01 31.35 34.74 34.19 34.29 35.04 32.73 40.56
17.00 44.70 31.01 31.35 34.74 34.19 34.29 35.04 32.73 40.56
18.00 44.70 31.01 31.35 34.74 34.19 34.29 35.04 32.73 40.56
19.00 44.70 31.01 31.35 34.74 34.19 34.29 35.04 32.73 40.56
20.00 44.96 32.82 32.32 35.33 34.83 34.71 35.87 33.11 41.10
21.00 44.96 32.82 32.32 35.33 34.83 34.71 35.87 33.11 41.10
22.00 44.96 32.82 32.32 35.33 34.83 34.71 35.87 33.11 41.10
23.00 44.96 32.82 32.32 35.33 34.83 34.71 35.87 33.11 41.10
24.00 44.96 32.82 32.32 35.33 34.83 34.71 35.87 33.11 41.10
25.00 47.06 34.78 34.63 36.01 35.72 35.69 37.29 34.38 41.48
26.00 47.06 34.78 34.63 36.01 35.72 35.69 37.29 34.38 41.48
27.00 47.06 34.78 34.63 36.01 35.72 35.69 37.29 34.38 41.48
28.00 47.06 34.78 34.63 36.01 35.72 35.69 37.29 34.38 41.48
29.00 47.06 34.78 34.63 36.01 35.72 35.69 37.29 34.38 41.48
30.00 49.26 36.97 37.62 36.94 36.96 36.04 39.08 35.47 42.54
31.00 49.26 36.97 37.62 36.94 36.96 36.04 39.08 35.47 42.54
32.00 49.26 36.97 37.62 36.94 36.96 36.04 39.08 35.47 42.54
33.00 49.26 36.97 37.62 36.94 36.96 36.04 39.08 35.47 42.54
34.00 49.26 36.97 37.62 36.94 36.96 36.04 39.08 35.47 42.54
35.00 51.97 38.26 39.95 37.53 38.49 36.57 40.26 36.51 43.16
36.00 51.97 38.26 39.95 37.53 38.49 36.57 40.26 36.51 43.16
37.00 51.97 38.26 39.95 37.53 38.49 36.57 40.26 36.51 43.16
38.00 51.97 38.26 39.95 37.53 38.49 36.57 40.26 36.51 43.16
39.00 51.97 38.26 39.95 37.53 38.49 36.57 40.26 36.51 43.16
40.00 53.19 38.79 42.10 39.03 40.59 37.10 41.78 36.89 43.59
41.00 53.19 38.79 42.10 39.03 40.59 37.10 41.78 36.89 43.59
42.00 53.19 38.79 42.10 39.03 40.59 37.10 41.78 36.89 43.59
43.00 53.19 38.79 42.10 39.03 40.59 37.10 41.78 36.89 43.59
44.00 53.19 38.79 42.10 39.03 40.59 37.10 41.78 36.89 43.59
45.00 54.88 39.73 43.59 39.60 42.54 37.68 44.37 38.47 44.45
46.00 54.88 39.73 43.59 39.60 42.54 37.68 44.37 38.47 44.45
47.00 54.88 39.73 43.59 39.60 42.54 37.68 44.37 38.47 44.45
48.00 54.88 39.73 43.59 39.60 42.54 37.68 44.37 38.47 44.45
49.00 54.88 39.73 43.59 39.60 42.54 37.68 44.37 38.47 44.45
50.00 56.55 41.28 45.15 40.40 43.98 38.28 46.45 40.51 44.83
51.00 56.55 41.28 45.15 40.40 43.98 38.28 46.45 40.51 44.83
52.00 56.55 41.28 45.15 40.40 43.98 38.28 46.45 40.51 44.83
53.00 56.55 41.28 45.15 40.40 43.98 38.28 46.45 40.51 44.83
54.00 56.55 41.28 45.15 40.40 43.98 38.28 46.45 40.51 44.83
55.00 57.07 41.27 46.83 41.00 45.07 39.47 49.70 41.98 45.13
56.00 57.07 41.27 46.83 41.00 45.07 39.47 49.70 41.98 45.13
57.00 57.07 41.27 46.83 41.00 45.07 39.47 49.70 41.98 45.13
58.00 57.07 41.27 46.83 41.00 45.07 39.47 49.70 41.98 45.13
59.00 57.07 41.27 46.83 41.00 45.07 39.47 49.70 41.98 45.13
60.00 57.86 42.33 47.85 41.68 47.08 39.55 51.57 43.48 45.90
61.00 57.86 42.33 47.85 41.68 47.08 39.55 51.57 43.48 45.90
62.00 57.86 42.33 47.85 41.68 47.08 39.55 51.57 43.48 45.90
63.00 57.86 42.33 47.85 41.68 47.08 39.55 51.57 43.48 45.90
64.00 57.86 42.33 47.85 41.68 47.08 39.55 51.57 43.48 45.90
65.00 58.44 43.55 48.86 42.32 48.41 39.77 53.71 47.22 46.22
66.00 58.44 43.55 48.86 42.32 48.41 39.77 53.71 47.22 46.22
67.00 58.44 43.55 48.86 42.32 48.41 39.77 53.71 47.22 46.22
68.00 58.44 43.55 48.86 42.32 48.41 39.77 53.71 47.22 46.22
69.00 58.44 43.55 48.86 42.32 48.41 39.77 53.71 47.22 46.22
70.00 58.52 43.97 49.79 43.85 49.80 40.67 56.07 54.19 46.55
71.00 58.52 43.97 49.79 43.85 49.80 40.67 56.07 54.19 46.55
72.00 58.52 43.97 49.79 43.85 49.80 40.67 56.07 54.19 46.55
73.00 58.52 43.97 49.79 43.85 49.80 40.67 56.07 54.19 46.55
74.00 58.52 43.97 49.79 43.85 49.80 40.67 56.07 54.19 46.55
75.00 59.07 43.78 50.50 45.11 51.24 41.96 57.50 58.80 46.75
76.00 59.07 43.78 50.50 45.11 51.24 41.96 57.50 58.80 46.75
77.00 59.07 43.78 50.50 45.11 51.24 41.96 57.50 58.80 46.75
78.00 59.07 43.78 50.50 45.11 51.24 41.96 57.50 58.80 46.75
79.00 59.07 43.78 50.50 45.11 51.24 41.96 57.50 58.80 46.75
80.00 59.66 44.62 50.76 45.99 52.68 42.34 58.75 60.65 46.89
81.00 59.66 44.62 50.76 45.99 52.68 42.34 58.75 60.65 46.89
82.00 59.66 44.62 50.76 45.99 52.68 42.34 58.75 60.65 46.89
83.00 59.66 44.62 50.76 45.99 52.68 42.34 58.75 60.65 46.89
84.00 59.66 44.62 50.76 45.99 52.68 42.34 58.75 60.65 46.89
85.00 59.88 45.31 51.77 46.34 54.11 42.53 59.77 61.54 47.32
86.00 59.88 45.31 51.77 46.34 54.11 42.53 59.77 61.54 47.32
87.00 59.88 45.31 51.77 46.34 54.11 42.53 59.77 61.54 47.32
88.00 59.88 45.31 51.77 46.34 54.11 42.53 59.77 61.54 47.32
89.00 59.88 45.31 51.77 46.34 54.11 42.53 59.77 61.54 47.32
90.00 60.19 46.21 52.22 47.41 55.63 43.54 61.18 64.15 47.50
91.00 60.19 46.21 52.22 47.41 55.63 43.54 61.18 64.15 47.50
92.00 60.19 46.21 52.22 47.41 55.63 43.54 61.18 64.15 47.50
93.00 60.19 46.21 52.22 47.41 55.63 43.54 61.18 64.15 47.50
94.00 60.19 46.21 52.22 47.41 55.63 43.54 61.18 64.15 47.50
95.00 60.43 46.73 53.08 48.12 56.66 44.81 62.07 66.48 47.76
96.00 60.43 46.73 53.08 48.12 56.66 44.81 62.07 66.48 47.76
97.00 60.43 46.73 53.08 48.12 56.66 44.81 62.07 66.48 47.76
98.00 60.43 46.73 53.08 48.12 56.66 44.81 62.07 66.48 47.76
99.00 60.43 46.73 53.08 48.12 56.66 44.81 62.07 66.48 47.76
100.00 60.67 47.03 53.66 48.57 58.09 46.29 63.22 68.33 48.01
101.00 60.67 47.03 53.66 48.57 58.09 46.29 63.22 68.33 48.01
102.00 60.67 47.03 53.66 48.57 58.09 46.29 63.22 68.33 48.01
103.00 60.67 47.03 53.66 48.57 58.09 46.29 63.22 68.33 48.01
104.00 60.67 47.03 53.66 48.57 58.09 46.29 63.22 68.33 48.01
105.00 61.06 47.12 54.66 49.80 59.16 47.83 64.47 69.93 48.29
106.00 61.06 47.12 54.66 49.80 59.16 47.83 64.47 69.93 48.29
107.00 61.06 47.12 54.66 49.80 59.16 47.83 64.47 69.93 48.29
108.00 61.06 47.12 54.66 49.80 59.16 47.83 64.47 69.93 48.29
109.00 61.06 47.12 54.66 49.80 59.16 47.83 64.47 69.93 48.29
110.00 61.25 47.60 55.36 51.22 60.05 48.91 65.18 71.31 48.54
111.00 61.25 47.60 55.36 51.22 60.05 48.91 65.18 71.31 48.54
112.00 61.25 47.60 55.36 51.22 60.05 48.91 65.18 71.31 48.54
113.00 61.25 47.60 55.36 51.22 60.05 48.91 65.18 71.31 48.54
114.00 61.25 47.60 55.36 51.22 60.05 48.91 65.18 71.31 48.54
115.00 61.34 48.21 55.71 52.84 60.85 49.98 65.88 72.81 48.95
116.00 61.34 48.21 55.71 52.84 60.85 49.98 65.88 72.81 48.95
117.00 61.34 48.21 55.71 52.84 60.85 49.98 65.88 72.81 48.95
118.00 61.34 48.21 55.71 52.84 60.85 49.98 65.88 72.81 48.95
119.00 61.34 48.21 55.71 52.84 60.85 49.98 65.88 72.81 48.95
120.00 61.48 48.78 56.59 54.25 61.41 50.15 66.30 73.81 49.34
121.00 61.48 48.78 56.59 54.25 61.41 50.15 66.30 73.81 49.34
122.00 61.48 48.78 56.59 54.25 61.41 50.15 66.30 73.81 49.34
123.00 61.48 48.78 56.59 54.25 61.41 50.15 66.30 73.81 49.34
124.00 61.48 48.78 56.59 54.25 61.41 50.15 66.30 73.81 49.34
125.00 61.61 49.21 57.14 55.43 61.70 50.70 66.74 74.66 49.50
126.00 61.61 49.21 57.14 55.43 61.70 50.70 66.74 74.66 49.50
127.00 61.61 49.21 57.14 55.43 61.70 50.70 66.74 74.66 49.50
128.00 61.61 49.21 57.14 55.43 61.70 50.70 66.74 74.66 49.50
129.00 61.61 49.21 57.14 55.43 61.70 50.70 66.74 74.66 49.50
130.00 61.67 49.65 57.59 56.82 62.18 51.87 66.79 75.27 49.99
131.00 61.67 49.65 57.59 56.82 62.18 51.87 66.79 75.27 49.99
132.00 61.67 49.65 57.59 56.82 62.18 51.87 66.79 75.27 49.99
133.00 61.67 49.65 57.59 56.82 62.18 51.87 66.79 75.27 49.99
134.00 61.67 49.65 57.59 56.82 62.18 51.87 66.79 75.27 49.99
135.00 61.81 49.65 58.09 57.39 62.79 52.93 67.38 76.04 50.20
136.00 61.81 49.65 58.09 57.39 62.79 52.93 67.38 76.04 50.20
137.00 61.81 49.65 58.09 57.39 62.79 52.93 67.38 76.04 50.20
138.00 61.81 49.65 58.09 57.39 62.79 52.93 67.38 76.04 50.20
139.00 61.81 49.65 58.09 57.39 62.79 52.93 67.38 76.04 50.20
140.00 62.03 49.93 58.41 57.93 62.92 53.97 67.47 76.48 50.32
141.00 62.03 49.93 58.41 57.93 62.92 53.97 67.47 76.48 50.32
142.00 62.03 49.93 58.41 57.93 62.92 53.97 67.47 76.48 50.32
143.00 62.03 49.93 58.41 57.93 62.92 53.97 67.47 76.48 50.32
144.00 62.03 49.93 58.41 57.93 62.92 53.97 67.47 76.48 50.32
145.00 62.19 50.45 58.63 58.47 63.26 54.73 67.80 76.87 51.01
146.00 62.19 50.45 58.63 58.47 63.26 54.73 67.80 76.87 51.01
147.00 62.19 50.45 58.63 58.47 63.26 54.73 67.80 76.87 51.01
148.00 62.19 50.45 58.63 58.47 63.26 54.73 67.80 76.87 51.01
149.00 62.19 50.45 58.63 58.47 63.26 54.73 67.80 76.87 51.01
150.00 62.37 50.45 58.65 59.09 63.65 55.71 68.29 77.60 51.26
151.00 62.37 50.45 58.65 59.09 63.65 55.71 68.29 77.60 51.26
152.00 62.37 50.45 58.65 59.09 63.65 55.71 68.29 77.60 51.26
153.00 62.37 50.45 58.65 59.09 63.65 55.71 68.29 77.60 51.26
154.00 62.37 50.45 58.65 59.09 63.65 55.71 68.29 77.60 51.26
155.00 62.48 50.64 58.91 59.38 63.89 56.36 68.57 78.26 51.61
156.00 62.48 50.64 58.91 59.38 63.89 56.36 68.57 78.26 51.61
157.00 62.48 50.64 58.91 59.38 63.89 56.36 68.57 78.26 51.61
158.00 62.48 50.64 58.91 59.38 63.89 56.36 68.57 78.26 51.61
159.00 62.48 50.64 58.91 59.38 63.89 56.36 68.57 78.26 51.61
160.00 62.56 50.98 59.09 60.12 64.19 57.23 68.90 78.49 51.88
161.00 62.56 50.98 59.09 60.12 64.19 57.23 68.90 78.49 51.88
162.00 62.56 50.98 59.09 60.12 64.19 57.23 68.90 78.49 51.88
163.00 62.56 50.98 59.09 60.12 64.19 57.23 68.90 78.49 51.88
164.00 62.56 50.98 59.09 60.12 64.19 57.23 68.90 78.49 51.88
165.00 62.72 51.07 59.28 60.42 64.42 57.58 69.20 79.07 52.36
166.00 62.72 51.07 59.28 60.42 64.42 57.58 69.20 79.07 52.36
167.00 62.72 51.07 59.28 60.42 64.42 57.58 69.20 79.07 52.36
168.00 62.72 51.07 59.28 60.42 64.42 57.58 69.20 79.07 52.36
169.00 62.72 51.07 59.28 60.42 64.42 57.58 69.20 79.07 52.36
170.00 62.83 51.26 59.54 60.70 64.57 57.97 69.32 79.33 52.51
171.00 62.83 51.26 59.54 60.70 64.57 57.97 69.32 79.33 52.51
172.00 62.83 51.26 59.54 60.70 64.57 57.97 69.32 79.33 52.51
173.00 62.83 51.26 59.54 60.70 64.57 57.97 69.32 79.33 52.51
174.00 62.83 51.26 59.54 60.70 64.57 57.97 69.32 79.33 52.51
175.00 62.89 51.39 59.59 61.17 64.88 58.45 69.63 79.44 52.99
176.00 62.89 51.39 59.59 61.17 64.88 58.45 69.63 79.44 52.99
177.00 62.89 51.39 59.59 61.17 64.88 58.45 69.63 79.44 52.99
178.00 62.89 51.39 59.59 61.17 64.88 58.45 69.63 79.44 52.99
179.00 62.89 51.39 59.59 61.17 64.88 58.45 69.63 79.44 52.99
180.00 62.97 51.49 60.10 61.57 65.05 59.06 69.70 79.66 53.24
181.00 62.97 51.49 60.10 61.57 65.05 59.06 69.70 79.66 53.24
182.00 62.97 51.49 60.10 61.57 65.05 59.06 69.70 79.66 53.24
183.00 62.97 51.49 60.10 61.57 65.05 59.06 69.70 79.66 53.24
184.00 62.97 51.49 60.10 61.57 65.05 59.06 69.70 79.66 53.24
185.00 63.04 51.77 60.02 61.74 65.19 59.45 69.69 79.92 53.34
186.00 63.04 51.77 60.02 61.74 65.19 59.45 69.69 79.92 53.34
187.00 63.04 51.77 60.02 61.74 65.19 59.45 69.69 79.92 53.34
188.00 63.04 51.77 60.02 61.74 65.19 59.45 69.69 79.92 53.34
189.00 63.04 51.77 60.02 61.74 65.19 59.45 69.69 79.92 53.34
190.00 63.11 51.88 60.02 62.39 65.41 59.87 70.11 80.01 53.44
191.00 63.11 51.88 60.02 62.39 65.41 59.87 70.11 80.01 53.44
192.00 63.11 51.88 60.02 62.39 65.41 59.87 70.11 80.01 53.44
193.00 63.11 51.88 60.02 62.39 65.41 59.87 70.11 80.01 53.44
194.00 63.11 51.88 60.02 62.39 65.41 59.87 70.11 80.01 53.44
195.00 63.26 52.12 60.35 62.24 65.78 60.20 70.29 80.55 54.10
196.00 63.26 52.12 60.35 62.24 65.78 60.20 70.29 80.55 54.10
197.00 63.26 52.12 60.35 62.24 65.78 60.20 70.29 80.55 54.10
198.00 63.26 52.12 60.35 62.24 65.78 60.20 70.29 80.55 54.10
199.00 63.26 52.12 60.35 62.24 65.78 60.20 70.29 80.55 54.10
200.00 63.43 52.40 60.36 62.36 65.72 60.30 70.15 80.57 54.39
201.00 63.43 52.40 60.36 62.36 65.72 60.30 70.15 80.57 54.39
202.00 63.43 52.40 60.36 62.36 65.72 60.30 70.15 80.57 54.39
203.00 63.43 52.40 60.36 62.36 65.72 60.30 70.15 80.57 54.39
204.00 63.43 52.40 60.36 62.36 65.72 60.30 70.15 80.57 54.39
205.00 63.42 52.36 60.35 62.76 65.76 60.71 70.70 80.58 54.89
206.00 63.42 52.36 60.35 62.76 65.76 60.71 70.70 80.58 54.89
207.00 63.42 52.36 60.35 62.76 65.76 60.71 70.70 80.58 54.89
208.00 63.42 52.36 60.35 62.76 65.76 60.71 70.70 80.58 54.89
209.00 63.42 52.36 60.35 62.76 65.76 60.71 70.70 80.58 54.89
210.00 63.51 52.50 60.54 63.12 65.82 60.83 70.66 80.80 55.29
211.00 63.51 52.50 60.54 63.12 65.82 60.83 70.66 80.80 55.29
212.00 63.51 52.50 60.54 63.12 65.82 60.83 70.66 80.80 55.29
213.00 63.51 52.50 60.54 63.12 65.82 60.83 70.66 80.80 55.29
214.00 63.51 52.50 60.54 63.12 65.82 60.83 70.66 80.80 55.29
215.00 63.57 52.60 60.68 63.34 65.82 61.10 71.04 81.08 55.41
216.00 63.57 52.60 60.68 63.34 65.82 61.10 71.04 81.08 55.41
217.00 63.57 52.60 60.68 63.34 65.82 61.10 71.04 81.08 55.41
218.00 63.57 52.60 60.68 63.34 65.82 61.10 71.04 81.08 55.41
219.00 63.57 52.60 60.68 63.34 65.82 61.10 71.04 81.08 55.41
220.00 63.60 52.78 60.49 63.56 65.91 61.45 70.85 81.10 55.89
221.00 63.60 52.78 60.49 63.56 65.91 61.45 70.85 81.10 55.89
222.00 63.60 52.78 60.49 63.56 65.91 61.45 70.85 81.10 55.89
223.00 63.60 52.78 60.49 63.56 65.91 61.45 70.85 81.10 55.89
224.00 63.60 52.78 60.49 63.56 65.91 61.45 70.85 81.10 55.89
225.00 63.70 52.95 60.74 63.53 66.02 61.58 70.98 81.12 56.10
226.00 63.70 52.95 60.74 63.53 66.02 61.58 70.98 81.12 56.10
227.00 63.70 52.95 60.74 63.53 66.02 61.58 70.98 81.12 56.10
228.00 63.70 52.95 60.74 63.53 66.02 61.58 70.98 81.12 56.10
229.00 63.70 52.95 60.74 63.53 66.02 61.58 70.98 81.12 56.10
230.00 63.84 53.46 60.89 63.77 66.06 61.84 71.16 81.47 56.36
231.00 63.84 53.46 60.89 63.77 66.06 61.84 71.16 81.47 56.36
232.00 63.84 53.46 60.89 63.77 66.06 61.84 71.16 81.47 56.36
233.00 63.84 53.46 60.89 63.77 66.06 61.84 71.16 81.47 56.36
234.00 63.84 53.46 60.89 63.77 66.06 61.84 71.16 81.47 56.36
235.00 63.80 53.35 60.86 63.98 66.09 62.14 70.96 81.55 56.60
236.00 63.80 53.35 60.86 63.98 66.09 62.14 70.96 81.55 56.60
237.00 63.80 53.35 60.86 63.98 66.09 62.14 70.96 81.55 56.60
238.00 63.80 53.35 60.86 63.98 66.09 62.14 70.96 81.55 56.60
239.00 63.80 53.35 60.86 63.98 66.09 62.14 70.96 81.55 56.60
240.00 63.82 53.41 61.00 63.98 66.14 62.11 71.02 81.96 57.13
241.00 63.82 53.41 61.00 63.98 66.14 62.11 71.02 81.96 57.13
242.00 63.82 53.41 61.00 63.98 66.14 62.11 71.02 81.96 57.13
243.00 63.82 53.41 61.00 63.98 66.14 62.11 71.02 81.96 57.13
244.00 63.82 53.41 61.00 63.98 66.14 62.11 71.02 81.96 57.13
245.00 63.80 53.61 61.03 64.40 66.14 62.37 70.99 82.02 57.28
246.00 63.80 53.61 61.03 64.40 66.14 62.37 70.99 82.02 57.28
247.00 63.80 53.61 61.03 64.40 66.14 62.37 70.99 82.02 57.28
248.00 63.80 53.61 61.03 64.40 66.14 62.37 70.99 82.02 57.28
249.00 63.80 53.61 61.03 64.40 66.14 62.37 70.99 82.02 57.28
250.00 63.86 53.94 60.86 64.21 66.24 62.74 71.20 82.02 57.53
251.00 63.86 53.94 60.86 64.21 66.24 62.74 71.20 82.02 57.53
252.00 63.86 53.94 60.86 64.21 66.24 62.74 71.20 82.02 57.53
253.00 63.86 53.94 60.86 64.21 66.24 62.74 71.20 82.02 57.53
254.00 63.86 53.94 60.86 64.21 66.24 62.74 71.20 82.02 57.53
255.00 63.96 54.15 61.08 64.32 66.26 62.77 71.01 82.06 57.98
256.00 63.96 54.15 61.08 64.32 66.26 62.77 71.01 82.06 57.98
257.00 63.96 54.15 61.08 64.32 66.26 62.77 71.01 82.06 57.98
258.00 63.96 54.15 61.08 64.32 66.26 62.77 71.01 82.06 57.98
259.00 63.96 54.15 61.08 64.32 66.26 62.77 71.01 82.06 57.98
260.00 64.12 54.33 61.26 64.50 66.25 63.00 70.93 82.33 58.18
261.00 64.12 54.33 61.26 64.50 66.25 63.00 70.93 82.33 58.18
262.00 64.12 54.33 61.26 64.50 66.25 63.00 70.93 82.33 58.18
263.00 64.12 54.33 61.26 64.50 66.25 63.00 70.93 82.33 58.18
264.00 64.12 54.33 61.26 64.50 66.25 63.00 70.93 82.33 58.18
265.00 64.11 54.51 61.26 64.69 66.35 63.17 70.88 82.20 58.78
266.00 64.11 54.51 61.26 64.69 66.35 63.17 70.88 82.20 58.78
267.00 64.11 54.51 61.26 64.69 66.35 63.17 70.88 82.20 58.78
268.00 64.11 54.51 61.26 64.69 66.35 63.17 70.88 82.20 58.78
269.00 64.11 54.51 61.26 64.69 66.35 63.17 70.88 82.20 58.78
270.00 64.24 54.58 61.31 64.73 66.42 63.27 70.95 82.30 59.34
271.00 64.24 54.58 61.31 64.73 66.42 63.27 70.95 82.30 59.34
272.00 64.24 54.58 61.31 64.73 66.42 63.27 70.95 82.30 59.34
273.00 64.24 54.58 61.31 64.73 66.42 63.27 70.95 82.30 59.34
274.00 64.24 54.58 61.31 64.73 66.42 63.27 70.95 82.30 59.34
275.00 64.26 54.87 61.41 64.96 66.51 63.31 70.84 82.59 59.49
276.00 64.26 54.87 61.41 64.96 66.51 63.31 70.84 82.59 59.49
277.00 64.26 54.87 61.41 64.96 66.51 63.31 70.84 82.59 59.49
278.00 64.26 54.87 61.41 64.96 66.51 63.31 70.84 82.59 59.49
279.00 64.26 54.87 61.41 64.96 66.51 63.31 70.84 82.59 59.49
280.00 64.05 54.83 61.43 65.14 66.55 63.46 71.14 82.42 59.70
281.00 64.05 54.83 61.43 65.14 66.55 63.46 71.14 82.42 59.70
282.00 64.05 54.83 61.43 65.14 66.55 63.46 71.14 82.42 59.70
283.00 64.05 54.83 61.43 65.14 66.55 63.46 71.14 82.42 59.70
284.00 64.05 54.83 61.43 65.14 66.55 63.46 71.14 82.42 59.70
285.00 64.31 55.24 61.81 65.09 66.60 63.50 71.01 83.05 60.18
286.00 64.31 55.24 61.81 65.09 66.60 63.50 71.01 83.05 60.18
287.00 64.31 55.24 61.81 65.09 66.60 63.50 71.01 83.05 60.18
288.00 64.31 55.24 61.81 65.09 66.60 63.50 71.01 83.05 60.18
289.00 64.31 55.24 61.81 65.09 66.60 63.50 71.01 83.05 60.18
290.00 64.42 55.40 61.79 65.23 66.62 63.69 70.94 83.06 60.26
291.00 64.42 55.40 61.79 65.23 66.62 63.69 70.94 83.06 60.26
292.00 64.42 55.40 61.79 65.23 66.62 63.69 70.94 83.06 60.26
293.00 64.42 55.40 61.79 65.23 66.62 63.69 70.94 83.06 60.26
294.00 64.42 55.40 61.79 65.23 66.62 63.69 70.94 83.06 60.26
295.00 64.50 55.43 61.67 65.33 66.71 63.91 70.83 82.87 60.35
296.00 64.50 55.43 61.67 65.33 66.71 63.91 70.83 82.87 60.35
297.00 64.50 55.43 61.67 65.33 66.71 63.91 70.83 82.87 60.35
298.00 64.50 55.43 61.67 65.33 66.71 63.91 70.83 82.87 60.35
299.00 64.50 55.43 61.67 65.33 66.71 63.91 70.83 82.87 60.35
300.00 64.43 55.55 62.03 65.33 66.75 63.91 70.88 82.92 60.51
301.00 64.43 55.55 62.03 65.33 66.75 63.91 70.88 82.92 60.51
302.00 64.43 55.55 62.03 65.33 66.75 63.91 70.88 82.92 60.51
303.00 64.43 55.55 62.03 65.33 66.75 63.91 70.88 82.92 60.51
304.00 64.43 55.55 62.03 65.33 66.75 63.91 70.88 82.92 60.51
305.00 64.51 55.73 61.88 65.50 66.79 63.97 70.66 83.07 60.71
306.00 64.51 55.73 61.88 65.50 66.79 63.97 70.66 83.07 60.71
307.00 64.51 55.73 61.88 65.50 66.79 63.97 70.66 83.07 60.71
308.00 64.51 55.73 61.88 65.50 66.79 63.97 70.66 83.07 60.71
309.00 64.51 55.73 61.88 65.50 66.79 63.97 70.66 83.07 60.71
310.00 64.55 55.94 62.00 65.33 66.81 64.09 70.78 83.15 61.18
311.00 64.55 55.94 62.00 65.33 66.81 64.09 70.78 83.15 61.18
312.00 64.55 55.94 62.00 65.33 66.81 64.09 70.78 83.15 61.18
313.00 64.55 55.94 62.00 65.33 66.81 64.09 70.78 83.15 61.18
314.00 64.55 55.94 62.00 65.33 66.81 64.09 70.78 83.15 61.18
315.00 64.51 56.08 61.77 65.36 66.88 64.09 70.88 83.34 61.58
316.00 64.51 56.08 61.77 65.36 66.88 64.09 70.88 83.34 61.58
317.00 64.51 56.08 61.77 65.36 66.88 64.09 70.88 83.34 61.58
318.00 64.51 56.08 61.77 65.36 66.88 64.09 70.88 83.34 61.58
319.00 64.51 56.08 61.77 65.36 66.88 64.09 70.88 83.34 61.58
320.00 64.53 56.18 61.70 65.28 66.89 64.19 71.01 83.39 61.96
321.00 64.53 56.18 61.70 65.28 66.89 64.19 71.01 83.39 61.96
322.00 64.53 56.18 61.70 65.28 66.89 64.19 71.01 83.39 61.96
323.00 64.53 56.18 61.70 65.28 66.89 64.19 71.01 83.39 61.96
324.00 64.53 56.18 61.70 65.28 66.89 64.19 71.01 83.39 61.96
325.00 64.58 55.98 61.69 65.38 66.90 64.29 70.85 83.26 62.27
326.00 64.58 55.98 61.69 65.38 66.90 64.29 70.85 83.26 62.27
327.00 64.58 55.98 61.69 65.38 66.90 64.29 70.85 83.26 62.27
328.00 64.58 55.98 61.69 65.38 66.90 64.29 70.85 83.26 62.27
329.00 64.58 55.98 61.69 65.38 66.90 64.29 70.85 83.26 62.27
330.00 64.57 56.36 61.98 65.45 67.00 64.33 71.02 83.22 62.66
331.00 64.57 56.36 61.98 65.45 67.00 64.33 71.02 83.22 62.66
332.00 64.57 56.36 61.98 65.45 67.00 64.33 71.02 83.22 62.66
333.00 64.57 56.36 61.98 65.45 67.00 64.33 71.02 83.22 62.66
334.00 64.57 56.36 61.98 65.45 67.00 64.33 71.02 83.22 62.66
335.00 64.54 56.53 61.85 65.57 67.05 64.42 70.93 83.35 62.78
336.00 64.54 56.53 61.85 65.57 67.05 64.42 70.93 83.35 62.78
337.00 64.54 56.53 61.85 65.57 67.05 64.42 70.93 83.35 62.78
338.00 64.54 56.53 61.85 65.57 67.05 64.42 70.93 83.35 62.78
339.00 64.54 56.53 61.85 65.57 67.05 64.42 70.93 83.35 62.78
340.00 64.61 56.50 61.74 65.63 67.08 64.51 70.93 83.29 63.19
341.00 64.61 56.50 61.74 65.63 67.08 64.51 70.93 83.29 63.19
342.00 64.61 56.50 61.74 65.63 67.08 64.51 70.93 83.29 63.19
343.00 64.61 56.50 61.74 65.63 67.08 64.51 70.93 83.29 63.19
344.00 64.61 56.50 61.74 65.63 67.08 64.51 70.93 83.29 63.19
345.00 64.86 56.58 61.80 65.55 67.10 64.46 70.87 83.62 63.34
346.00 64.86 56.58 61.80 65.55 67.10 64.46 70.87 83.62 63.34
347.00 64.86 56.58 61.80 65.55 67.10 64.46 70.87 83.62 63.34
348.00 64.86 56.58 61.80 65.55 67.10 64.46 70.87 83.62 63.34
349.00 64.86 56.58 61.80 65.55 67.10 64.46 70.87 83.62 63.34
350.00 64.68 56.75 61.82 65.68 67.11 64.52 71.08 83.44 63.52
351.00 64.68 56.75 61.82 65.68 67.11 64.52 71.08 83.44 63.52
352.00 64.68 56.75 61.82 65.68 67.11 64.52 71.08 83.44 63.52
353.00 64.68 56.75 61.82 65.68 67.11 64.52 71.08 83.44 63.52
354.00 64.68 56.75 61.82 65.68 67.11 64.52 71.08 83.44 63.52
355.00 64.66 56.58 61.96 65.87 67.16 64.60 70.69 83.40 63.77
356.00 64.66 56.58 61.96 65.87 67.16 64.60 70.69 83.40 63.77
357.00 64.66 56.58 61.96 65.87 67.16 64.60 70.69 83.40 63.77
358.00 64.66 56.58 61.96 65.87 67.16 64.60 70.69 83.40 63.77
359.00 64.66 56.58 61.96 65.87 67.16 64.60 70.69 83.40 63.77
360.00 64.76 56.72 61.82 65.81 67.18 64.61 70.99 83.32 64.14
361.00 64.76 56.72 61.82 65.81 67.18 64.61 70.99 83.32 64.14
362.00 64.76 56.72 61.82 65.81 67.18 64.61 70.99 83.32 64.14
363.00 64.76 56.72 61.82 65.81 67.18 64.61 70.99 83.32 64.14
364.00 64.76 56.72 61.82 65.81 67.18 64.61 70.99 83.32 64.14
365.00 64.94 56.96 61.92 65.84 67.23 64.69 70.89 83.50 64.13
366.00 64.94 56.96 61.92 65.84 67.23 64.69 70.89 83.50 64.13
367.00 64.94 56.96 61.92 65.84 67.23 64.69 70.89 83.50 64.13
368.00 64.94 56.96 61.92 65.84 67.23 64.69 70.89 83.50 64.13
369.00 64.94 56.96 61.92 65.84 67.23 64.69 70.89 83.50 64.13
370.00 64.82 57.13 61.75 66.05 67.24 64.83 70.98 83.46 64.34
371.00 64.82 57.13 61.75 66.05 67.24 64.83 70.98 83.46 64.34
372.00 64.82 57.13 61.75 66.05 67.24 64.83 70.98 83.46 64.34
373.00 64.82 57.13 61.75 66.05 67.24 64.83 70.98 83.46 64.34
374.00 64.82 57.13 61.75 66.05 67.24 64.83 70.98 83.46 64.34
375.00 64.79 57.25 61.80 65.99 67.24 64.78 70.82 83.41 64.71
376.00 64.79 57.25 61.80 65.99 67.24 64.78 70.82 83.41 64.71
377.00 64.79 57.25 61.80 65.99 67.24 64.78 70.82 83.41 64.71
378.00 64.79 57.25 61.80 65.99 67.24 64.78 70.82 83.41 64.71
379.00 64.79 57.25 61.80 65.99 67.24 64.78 70.82 83.41 64.71
380.00 64.80 57.37 61.85 66.10 67.28 64.83 70.55 83.49 64.82
381.00 64.80 57.37 61.85 66.10 67.28 64.83 70.55 83.49 64.82
382.00 64.80 57.37 61.85 66.10 67.28 64.83 70.55 83.49 64.82
383.00 64.80 57.37 61.85 66.10 67.28 64.83 70.55 83.49 64.82
384.00 64.80 57.37 61.85 66.10 67.28 64.83 70.55 83.49 64.82
385.00 64.57 57.43 61.82 66.10 67.27 64.85 70.73 83.51 65.00
386.00 64.57 57.43 61.82 66.10 67.27 64.85 70.73 83.51 65.00
387.00 64.57 57.43 61.82 66.10 67.27 64.85 70.73 83.51 65.00
388.00 64.57 57.43 61.82 66.10 67.27 64.85 70.73 83.51 65.00
389.00 64.57 57.43 61.82 66.10 67.27 64.85 70.73 83.51 65.00
390.00 64.97 57.54 61.83 66.19 67.28 64.85 70.88 83.54 65.33
391.00 64.97 57.54 61.83 66.19 67.28 64.85 70.88 83.54 65.33
392.00 64.97 57.54 61.83 66.19 67.28 64.85 70.88 83.54 65.33
393.00 64.97 57.54 61.83 66.19 67.28 64.85 70.88 83.54 65.33
394.00 64.97 57.54 61.83 66.19 67.28 64.85 70.88 83.54 65.33
395.00 64.96 57.63 61.93 66.24 67.28 64.89 70.89 83.71 65.32
396.00 64.96 57.63 61.93 66.24 67.28 64.89 70.89 83.71 65.32
397.00 64.96 57.63 61.93 66.24 67.28 64.89 70.89 83.71 65.32
398.00 64.96 57.63 61.93 66.24 67.28 64.89 70.89 83.71 65.32
399.00 64.96 57.63 61.93 66.24 67.28 64.89 70.89 83.71 65.32
400.00 64.96 57.65 61.88 66.31 67.27 65.02 70.67 83.74 65.74
401.00 64.96 57.65 61.88 66.31 67.27 65.02 70.67 83.74 65.74
402.00 64.96 57.65 61.88 66.31 67.27 65.02 70.67 83.74 65.74
403.00 64.96 57.65 61.88 66.31 67.27 65.02 70.67 83.74 65.74
404.00 64.96 57.65 61.88 66.31 67.27 65.02 70.67 83.74 65.74
405.00 64.99 57.72 61.81 66.31 67.26 64.92 70.78 83.66 66.06
406.00 64.99 57.72 61.81 66.31 67.26 64.92 70.78 83.66 66.06
407.00 64.99 57.72 61.81 66.31 67.26 64.92 70.78 83.66 66.06
408.00 64.99 57.72 61.81 66.31 67.26 64.92 70.78 83.66 66.06
409.00 64.99 57.72 61.81 66.31 67.26 64.92 70.78 83.66 66.06
410.00 65.12 57.80 61.79 66.31 67.23 64.93 70.56 83.70 66.04
411.00 65.12 57.80 61.79 66.31 67.23 64.93 70.56 83.70 66.04
412.00 65.12 57.80 61.79 66.31 67.23 64.93 70.56 83.70 66.04
413.00 65.12 57.80 61.79 66.31 67.23 64.93 70.56 83.70 66.04
414.00 65.12 57.80 61.79 66.31 67.23 64.93 70.56 83.70 66.04
415.00 64.96 57.88 61.78 66.44 67.32 65.04 70.87 83.73 66.09
416.00 64.96 57.88 61.78 66.44 67.32 65.04 70.87 83.73 66.09
417.00 64.96 57.88 61.78 66.44 67.32 65.04 70.87 83.73 66.09
418.00 64.96 57.88 61.78 66.44 67.32 65.04 70.87 83.73 66.09
419.00 64.96 57.88 61.78 66.44 67.32 65.04 70.87 83.73 66.09
420.00 65.41 58.05 61.78 66.41 67.29 65.04 70.70 83.71 66.17
421.00 65.41 58.05 61.78 66.41 67.29 65.04 70.70 83.71 66.17
422.00 65.41 58.05 61.78 66.41 67.29 65.04 70.70 83.71 66.17
423.00 65.41 58.05 61.78 66.41 67.29 65.04 70.70 83.71 66.17
424.00 65.41 58.05 61.78 66.41 67.29 65.04 70.70 83.71 66.17
425.00 65.16 58.26 61.77 66.52 67.32 65.04 70.66 83.93 66.58
426.00 65.16 58.26 61.77 66.52 67.32 65.04 70.66 83.93 66.58
427.00 65.16 58.26 61.77 66.52 67.32 65.04 70.66 83.93 66.58
428.00 65.16 58.26 61.77 66.52 67.32 65.04 70.66 83.93 66.58
429.00 65.16 58.26 61.77 66.52 67.32 65.04 70.66 83.93 66.58
430.00 65.11 58.25 61.58 66.56 67.37 65.09 70.82 83.71 66.48
431.00 65.11 58.25 61.58 66.56 67.37 65.09 70.82 83.71 66.48
432.00 65.11 58.25 61.58 66.56 67.37 65.09 70.82 83.71 66.48
433.00 65.11 58.25 61.58 66.56 67.37 65.09 70.82 83.71 66.48
434.00 65.11 58.25 61.58 66.56 67.37 65.09 70.82 83.71 66.48
435.00 65.17 58.24 61.77 66.53 67.42 65.06 70.66 84.26 66.75
436.00 65.17 58.24 61.77 66.53 67.42 65.06 70.66 84.26 66.75
437.00 65.17 58.24 61.77 66.53 67.42 65.06 70.66 84.26 66.75
438.00 65.17 58.24 61.77 66.53 67.42 65.06 70.66 84.26 66.75
439.00 65.17 58.24 61.77 66.53 67.42 65.06 70.66 84.26 66.75
440.00 65.88 58.42 61.75 66.69 67.42 65.09 70.59 83.99 66.61
441.00 65.88 58.42 61.75 66.69 67.42 65.09 70.59 83.99 66.61
442.00 65.88 58.42 61.75 66.69 67.42 65.09 70.59 83.99 66.61
443.00 65.88 58.42 61.75 66.69 67.42 65.09 70.59 83.99 66.61
444.00 65.88 58.42 61.75 66.69 67.42 65.09 70.59 83.99 66.61
445.00 65.38 58.33 61.80 66.75 67.44 65.19 70.80 83.87 66.90
446.00 65.38 58.33 61.80 66.75 67.44 65.19 70.80 83.87 66.90
447.00 65.38 58.33 61.80 66.75 67.44 65.19 70.80 83.87 66.90
448.00 65.38 58.33 61.80 66.75 67.44 65.19 70.80 83.87 66.90
449.00 65.38 58.33 61.80 66.75 67.44 65.19 70.80 83.87 66.90
450.00 65.22 58.39 61.97 66.75 67.48 65.19 70.71 84.00 67.26
451.00 65.22 58.39 61.97 66.75 67.48 65.19 70.71 84.00 67.26
452.00 65.22 58.39 61.97 66.75 67.48 65.19 70.71 84.00 67.26
453.00 65.22 58.39 61.97 66.75 67.48 65.19 70.71 84.00 67.26
454.00 65.22 58.39 61.97 66.75 67.48 65.19 70.71 84.00 67.26
455.00 65.24 58.37 61.96 66.79 67.44 65.25 70.64 84.10 67.36
456.00 65.24 58.37 61.96 66.79 67.44 65.25 70.64 84.10 67.36
457.00 65.24 58.37 61.96 66.79 67.44 65.25 70.64 84.10 67.36
458.00 65.24 58.37 61.96 66.79 67.44 65.25 70.64 84.10 67.36
459.00 65.24 58.37 61.96 66.79 67.44 65.25 70.64 84.10 67.36
460.00 65.09 58.41 61.63 66.86 67.47 65.33 70.84 83.79 67.43
461.00 65.09 58.41 61.63 66.86 67.47 65.33 70.84 83.79 67.43
462.00 65.09 58.41 61.63 66.86 67.47 65.33 70.84 83.79 67.43
463.00 65.09 58.41 61.63 66.86 67.47 65.33 70.84 83.79 67.43
464.00 65.09 58.41 61.63 66.86 67.47 65.33 70.84 83.79 67.43
465.00 65.45 58.57 61.88 66.88 67.48 65.35 71.15 84.48 67.60
466.00 65.45 58.57 61.88 66.88 67.48 65.35 71.15 84.48 67.60
467.00 65.45 58.57 61.88 66.88 67.48 65.35 71.15 84.48 67.60
468.00 65.45 58.57 61.88 66.88 67.48 65.35 71.15 84.48 67.60
469.00 65.45 58.57 61.88 66.88 67.48 65.35 71.15 84.48 67.60
470.00 65.40 58.65 61.88 66.93 67.51 65.43 71.11 84.24 67.53
471.00 65.40 58.65 61.88 66.93 67.51 65.43 71.11 84.24 67.53
472.00 65.40 58.65 61.88 66.93 67.51 65.43 71.11 84.24 67.53
473.00 65.40 58.65 61.88 66.93 67.51 65.43 71.11 84.24 67.53
474.00 65.40 58.65 61.88 66.93 67.51 65.43 71.11 84.24 67.53
475.00 65.35 58.65 61.96 67.03 67.44 65.48 71.37 84.20 68.01
476.00 65.35 58.65 61.96 67.03 67.44 65.48 71.37 84.20 68.01
477.00 65.35 58.65 61.96 67.03 67.44 65.48 71.37 84.20 68.01
478.00 65.35 58.65 61.96 67.03 67.44 65.48 71.37 84.20 68.01
479.00 65.35 58.65 61.96 67.03 67.44 65.48 71.37 84.20 68.01
480.00 65.35 58.76 61.92 66.96 67.43 65.44 71.54 84.12 68.32
481.00 65.35 58.76 61.92 66.96 67.43 65.44 71.54 84.12 68.32
482.00 65.35 58.76 61.92 66.96 67.43 65.44 71.54 84.12 68.32
483.00 65.35 58.76 61.92 66.96 67.43 65.44 71.54 84.12 68.32
484.00 65.35 58.76 61.92 66.96 67.43 65.44 71.54 84.12 68.32
485.00 65.29 58.91 62.09 67.00 67.40 65.46 71.62 84.25 68.36
486.00 65.29 58.91 62.09 67.00 67.40 65.46 71.62 84.25 68.36
487.00 65.29 58.91 62.09 67.00 67.40 65.46 71.62 84.25 68.36
488.00 65.29 58.91 62.09 67.00 67.40 65.46 71.62 84.25 68.36
489.00 65.29 58.91 62.09 67.00 67.40 65.46 71.62 84.25 68.36
490.00 65.26 59.05 61.90 67.09 67.49 65.48 71.55 84.21 68.76
491.00 65.26 59.05 61.90 67.09 67.49 65.48 71.55 84.21 68.76
492.00 65.26 59.05 61.90 67.09 67.49 65.48 71.55 84.21 68.76
493.00 65.26 59.05 61.90 67.09 67.49 65.48 71.55 84.21 68.76
494.00 65.26 59.05 61.90 67.09 67.49 65.48 71.55 84.21 68.76
495.00 65.48 59.32 61.84 67.00 67.48 65.42 71.59 84.53 68.68
496.00 65.48 59.32 61.84 67.00 67.48 65.42 71.59 84.53 68.68
497.00 65.48 59.32 61.84 67.00 67.48 65.42 71.59 84.53 68.68
498.00 65.48 59.32 61.84 67.00 67.48 65.42 71.59 84.53 68.68
499.00 65.48 59.32 61.84 67.00 67.48 65.42 71.59 84.53 68.68
500.00 65.36 59.31 61.94 67.04 67.33 65.47 71.55 84.35 68.85
501.00 65.36 59.31 61.94 67.04 67.33 65.47 71.55 84.35 68.85
502.00 65.36 59.31 61.94 67.04 67.33 65.47 71.55 84.35 68.85
503.00 65.36 59.31 61.94 67.04 67.33 65.47 71.55 84.35 68.85
504.00 65.36 59.31 61.94 67.04 67.33 65.47 71.55 84.35 68.85
505.00 65.37 59.34 61.99 67.11 67.48 65.52 71.62 84.20 69.20
506.00 65.37 59.34 61.99 67.11 67.48 65.52 71.62 84.20 69.20
507.00 65.37 59.34 61.99 67.11 67.48 65.52 71.62 84.20 69.20
508.00 65.37 59.34 61.99 67.11 67.48 65.52 71.62 84.20 69.20
509.00 65.37 59.34 61.99 67.11 67.48 65.52 71.62 84.20 69.20
510.00 65.36 59.35 62.21 67.06 67.46 65.50 71.58 84.26 69.31
511.00 65.36 59.35 62.21 67.06 67.46 65.50 71.58 84.26 69.31
512.00 65.36 59.35 62.21 67.06 67.46 65.50 71.58 84.26 69.31
513.00 65.36 59.35 62.21 67.06 67.46 65.50 71.58 84.26 69.31
514.00 65.36 59.35 62.21 67.06 67.46 65.50 71.58 84.26 69.31
515.00 65.39 59.46 62.16 67.04 67.45 65.54 71.68 84.47 69.19
516.00 65.39 59.46 62.16 67.04 67.45 65.54 71.68 84.47 69.19
517.00 65.39 59.46 62.16 67.04 67.45 65.54 71.68 84.47 69.19
518.00 65.39 59.46 62.16 67.04 67.45 65.54 71.68 84.47 69.19
519.00 65.39 59.46 62.16 67.04 67.45 65.54 71.68 84.47 69.19
520.00 65.30 59.52 62.01 67.20 67.45 65.55 71.58 84.35 69.71
521.00 65.30 59.52 62.01 67.20 67.45 65.55 71.58 84.35 69.71
522.00 65.30 59.52 62.01 67.20 67.45 65.55 71.58 84.35 69.71
523.00 65.30 59.52 62.01 67.20 67.45 65.55 71.58 84.35 69.71
524.00 65.30 59.52 62.01 67.20 67.45 65.55 71.58 84.35 69.71
525.00 65.61 59.69 62.00 67.14 67.48 65.55 71.67 84.35 69.84
526.00 65.61 59.69 62.00 67.14 67.48 65.55 71.67 84.35 69.84
527.00 65.61 59.69 62.00 67.14 67.48 65.55 71.67 84.35 69.84
528.00 65.61 59.69 62.00 67.14 67.48 65.55 71.67 84.35 69.84
529.00 65.61 59.69 62.00 67.14 67.48 65.55 71.67 84.35 69.84
530.00 65.42 59.72 62.08 67.18 67.42 65.62 71.66 84.41 69.78
531.00 65.42 59.72 62.08 67.18 67.42 65.62 71.66 84.41 69.78
532.00 65.42 59.72 62.08 67.18 67.42 65.62 71.66 84.41 69.78
533.00 65.42 59.72 62.08 67.18 67.42 65.62 71.66 84.41 69.78
534.00 65.42 59.72 62.08 67.18 67.42 65.62 71.66 84.41 69.78
535.00 65.49 59.89 62.12 67.23 67.43 65.60 71.69 84.36 69.83
536.00 65.49 59.89 62.12 67.23 67.43 65.60 71.69 84.36 69.83
537.00 65.49 59.89 62.12 67.23 67.43 65.60 71.69 84.36 69.83
538.00 65.49 59.89 62.12 67.23 67.43 65.60 71.69 84.36 69.83
539.00 65.49 59.89 62.12 67.23 67.43 65.60 71.69 84.36 69.83
540.00 65.44 60.04 62.04 67.22 67.40 65.65 71.72 84.61 69.98
541.00 65.44 60.04 62.04 67.22 67.40 65.65 71.72 84.61 69.98
542.00 65.44 60.04 62.04 67.22 67.40 65.65 71.72 84.61 69.98
543.00 65.44 60.04 62.04 67.22 67.40 65.65 71.72 84.61 69.98
544.00 65.44 60.04 62.04 67.22 67.40 65.65 71.72 84.61 69.98
545.00 65.46 60.13 62.21 67.24 67.37 65.67 71.54 84.52 70.18
546.00 65.46 60.13 62.21 67.24 67.37 65.67 71.54 84.52 70.18
547.00 65.46 60.13 62.21 67.24 67.37 65.67 71.54 84.52 70.18
548.00 65.46 60.13 62.21 67.24 67.37 65.67 71.54 84.52 70.18
549.00 65.46 60.13 62.21 67.24 67.37 65.67 71.54 84.52 70.18
550.00 65.39 60.14 62.15 67.34 67.44 65.79 71.48 84.64 70.52
551.00 65.39 60.14 62.15 67.34 67.44 65.79 71.48 84.64 70.52
552.00 65.39 60.14 62.15 67.34 67.44 65.79 71.48 84.64 70.52
553.00 65.39 60.14 62.15 67.34 67.44 65.79 71.48 84.64 70.52
554.00 65.39 60.14 62.15 67.34 67.44 65.79 71.48 84.64 70.52
555.00 65.44 60.22 62.38 67.32 67.44 65.75 71.46 84.43 70.89
556.00 65.44 60.22 62.38 67.32 67.44 65.75 71.46 84.43 70.89
557.00 65.44 60.22 62.38 67.32 67.44 65.75 71.46 84.43 70.89
558.00 65.44 60.22 62.38 67.32 67.44 65.75 71.46 84.43 70.89
559.00 65.44 60.22 62.38 67.32 67.44 65.75 71.46 84.43 70.89
560.00 65.48 60.31 62.24 67.26 67.43 65.81 71.43 84.52 70.94
561.00 65.48 60.31 62.24 67.26 67.43 65.81 71.43 84.52 70.94
562.00 65.48 60.31 62.24 67.26 67.43 65.81 71.43 84.52 70.94
563.00 65.48 60.31 62.24 67.26 67.43 65.81 71.43 84.52 70.94
564.00 65.48 60.31 62.24 67.26 67.43 65.81 71.43 84.52 70.94
565.00 65.46 60.32 62.26 67.32 67.43 65.82 71.38 84.42 70.98
566.00 65.46 60.32 62.26 67.32 67.43 65.82 71.38 84.42 70.98
567.00 65.46 60.32 62.26 67.32 67.43 65.82 71.38 84.42 70.98
568.00 65.46 60.32 62.26 67.32 67.43 65.82 71.38 84.42 70.98
569.00 65.46 60.32 62.26 67.32 67.43 65.82 71.38 84.42 70.98
570.00 65.40 60.35 62.26 67.11 67.44 65.53 71.35 84.50 71.10
571.00 65.40 60.35 62.26 67.11 67.44 65.53 71.35 84.50 71.10
572.00 65.40 60.35 62.26 67.11 67.44 65.53 71.35 84.50 71.10
573.00 65.40 60.35 62.26 67.11 67.44 65.53 71.35 84.50 71.10
574.00 65.40 60.35 62.26 67.11 67.44 65.53 71.35 84.50 71.10
575.00 65.52 60.44 62.29 67.30 67.40 65.86 71.26 84.56 71.08
576.00 65.52 60.44 62.29 67.30 67.40 65.86 71.26 84.56 71.08
577.00 65.52 60.44 62.29 67.30 67.40 65.86 71.26 84.56 71.08
578.00 65.52 60.44 62.29 67.30 67.40 65.86 71.26 84.56 71.08
579.00 65.52 60.44 62.29 67.30 67.40 65.86 71.26 84.56 71.08
580.00 65.42 60.46 62.32 67.33 67.41 65.85 71.34 84.43 71.52
581.00 65.42 60.46 62.32 67.33 67.41 65.85 71.34 84.43 71.52
582.00 65.42 60.46 62.32 67.33 67.41 65.85 71.34 84.43 71.52
583.00 65.42 60.46 62.32 67.33 67.41 65.85 71.34 84.43 71.52
584.00 65.42 60.46 62.32 67.33 67.41 65.85 71.34 84.43 71.52
585.00 65.48 60.50 62.36 67.33 67.38 65.81 71.39 84.89 71.54
586.00 65.48 60.50 62.36 67.33 67.38 65.81 71.39 84.89 71.54
587.00 65.48 60.50 62.36 67.33 67.38 65.81 71.39 84.89 71.54
588.00 65.48 60.50 62.36 67.33 67.38 65.81 71.39 84.89 71.54
589.00 65.48 60.50 62.36 67.33 67.38 65.81 71.39 84.89 71.54
590.00 65.45 60.61 62.30 67.55 67.11 65.82 71.36 84.78 71.61
591.00 65.45 60.61 62.30 67.55 67.11 65.82 71.36 84.78 71.61
592.00 65.45 60.61 62.30 67.55 67.11 65.82 71.36 84.78 71.61
593.00 65.45 60.61 62.30 67.55 67.11 65.82 71.36 84.78 71.61
594.00 65.45 60.61 62.30 67.55 67.11 65.82 71.36 84.78 71.61
595.00 65.46 60.58 62.36 67.41 67.33 65.92 71.49 84.52 71.66
596.00 65.46 60.58 62.36 67.41 67.33 65.92 71.49 84.52 71.66
597.00 65.46 60.58 62.36 67.41 67.33 65.92 71.49 84.52 71.66
598.00 65.46 60.58 62.36 67.41 67.33 65.92 71.49 84.52 71.66
599.00 65.46 60.58 62.36 67.41 67.33 65.92 71.49 84.52 71.66
600.00 65.48 60.58 62.33 67.42 67.48 65.78 71.53 84.71 71.96
601.00 65.48 60.58 62.33 67.42 67.48 65.78 71.53 84.71 71.96
602.00 65.48 60.58 62.33 67.42 67.48 65.78 71.53 84.71 71.96
603.00 65.48 60.58 62.33 67.42 67.48 65.78 71.53 84.71 71.96
604.00 65.48 60.58 62.33 67.42 67.48 65.78 71.53 84.71 71.96
605.00 65.55 60.69 62.34 67.22 67.36 65.77 71.42 84.51 71.89
606.00 65.55 60.69 62.34 67.22 67.36 65.77 71.42 84.51 71.89
607.00 65.55 60.69 62.34 67.22 67.36 65.77 71.42 84.51 71.89
608.00 65.55 60.69 62.34 67.22 67.36 65.77 71.42 84.51 71.89
609.00 65.55 60.69 62.34 67.22 67.36 65.77 71.42 84.51 71.89
610.00 65.52 60.56 62.37 67.33 67.37 65.84 71.40 84.29 71.92
611.00 65.52 60.56 62.37 67.33 67.37 65.84 71.40 84.29 71.92
612.00 65.52 60.56 62.37 67.33 67.37 65.84 71.40 84.29 71.92
613.00 65.52 60.56 62.37 67.33 67.37 65.84 71.40 84.29 71.92
614.00 65.52 60.56 62.37 67.33 67.37 65.84 71.40 84.29 71.92
615.00 65.57 60.72 62.42 67.36 67.44 65.66 71.44 84.39 72.04
616.00 65.57 60.72 62.42 67.36 67.44 65.66 71.44 84.39 72.04
617.00 65.57 60.72 62.42 67.36 67.44 65.66 71.44 84.39 72.04
618.00 65.57 60.72 62.42 67.36 67.44 65.66 71.44 84.39 72.04
619.00 65.57 60.72 62.42 67.36 67.44 65.66 71.44 84.39 72.04
620.00 65.63 60.78 62.48 67.35 67.54 65.80 71.49 84.55 71.81
621.00 65.63 60.78 62.48 67.35 67.54 65.80 71.49 84.55 71.81
622.00 65.63 60.78 62.48 67.35 67.54 65.80 71.49 84.55 71.81
623.00 65.63 60.78 62.48 67.35 67.54 65.80 71.49 84.55 71.81
624.00 65.63 60.78 62.48 67.35 67.54 65.80 71.49 84.55 71.81
625.00 65.56 60.78 62.55 67.44 67.88 65.88 71.50 84.47 72.16
626.00 65.56 60.78 62.55 67.44 67.88 65.88 71.50 84.47 72.16
627.00 65.56 60.78 62.55 67.44 67.88 65.88 71.50 84.47 72.16
628.00 65.56 60.78 62.55 67.44 67.88 65.88 71.50 84.47 72.16
629.00 65.56 60.78 62.55 67.44 67.88 65.88 71.50 84.47 72.16
630.00 65.54 60.83 62.53 67.44 67.51 65.80 71.47 84.60 72.18
631.00 65.54 60.83 62.53 67.44 67.51 65.80 71.47 84.60 72.18
632.00 65.54 60.83 62.53 67.44 67.51 65.80 71.47 84.60 72.18
633.00 65.54 60.83 62.53 67.44 67.51 65.80 71.47 84.60 72.18
634.00 65.54 60.83 62.53 67.44 67.51 65.80 71.47 84.60 72.18
635.00 65.61 60.99 62.62 67.49 67.44 65.77 71.38 84.60 72.04
636.00 65.61 60.99 62.62 67.49 67.44 65.77 71.38 84.60 72.04
637.00 65.61 60.99 62.62 67.49 67.44 65.77 71.38 84.60 72.04
638.00 65.61 60.99 62.62 67.49 67.44 65.77 71.38 84.60 72.04
639.00 65.61 60.99 62.62 67.49 67.44 65.77 71.38 84.60 72.04
640.00 65.59 60.85 62.66 67.52 67.48 65.76 71.53 84.61 72.38
641.00 65.59 60.85 62.66 67.52 67.48 65.76 71.53 84.61 72.38
642.00 65.59 60.85 62.66 67.52 67.48 65.76 71.53 84.61 72.38
643.00 65.59 60.85 62.66 67.52 67.48 65.76 71.53 84.61 72.38
644.00 65.59 60.85 62.66 67.52 67.48 65.76 71.53 84.61 72.38
645.00 65.85 61.17 62.55 67.35 67.50 65.75 71.57 84.27 72.30
646.00 65.85 61.17 62.55 67.35 67.50 65.75 71.57 84.27 72.30
647.00 65.85 61.17 62.55 67.35 67.50 65.75 71.57 84.27 72.30
648.00 65.85 61.17 62.55 67.35 67.50 65.75 71.57 84.27 72.30
649.00 65.85 61.17 62.55 67.35 67.50 65.75 71.57 84.27 72.30
650.00 65.71 61.20 62.62 67.53 67.44 65.95 71.47 84.35 72.28
651.00 65.71 61.20 62.62 67.53 67.44 65.95 71.47 84.35 72.28
652.00 65.71 61.20 62.62 67.53 67.44 65.95 71.47 84.35 72.28
653.00 65.71 61.20 62.62 67.53 67.44 65.95 71.47 84.35 72.28
654.00 65.71 61.20 62.62 67.53 67.44 65.95 71.47 84.35 72.28
655.00 65.69 61.10 62.59 67.57 67.40 65.79 71.44 84.22 72.60
656.00 65.69 61.10 62.59 67.57 67.40 65.79 71.44 84.22 72.60
657.00 65.69 61.10 62.59 67.57 67.40 65.79 71.44 84.22 72.60
658.00 65.69 61.10 62.59 67.57 67.40 65.79 71.44 84.22 72.60
659.00 65.69 61.10 62.59 67.57 67.40 65.79 71.44 84.22 72.60
660.00 65.70 61.25 62.32 67.59 67.42 65.73 71.62 84.26 72.55
661.00 65.70 61.25 62.32 67.59 67.42 65.73 71.62 84.26 72.55
662.00 65.70 61.25 62.32 67.59 67.42 65.73 71.62 84.26 72.55
663.00 65.70 61.25 62.32 67.59 67.42 65.73 71.62 84.26 72.55
664.00 65.70 61.25 62.32 67.59 67.42 65.73 71.62 84.26 72.55
665.00 65.83 61.32 62.39 67.57 67.40 65.78 71.47 84.40 72.52
666.00 65.83 61.32 62.39 67.57 67.40 65.78 71.47 84.40 72.52
667.00 65.83 61.32 62.39 67.57 67.40 65.78 71.47 84.40 72.52
668.00 65.83 61.32 62.39 67.57 67.40 65.78 71.47 84.40 72.52
669.00 65.83 61.32 62.39 67.57 67.40 65.78 71.47 84.40 72.52
670.00 65.79 61.32 62.19 67.65 67.43 65.82 71.71 84.27 72.55
671.00 65.79 61.32 62.19 67.65 67.43 65.82 71.71 84.27 72.55
672.00 65.79 61.32 62.19 67.65 67.43 65.82 71.71 84.27 72.55
673.00 65.79 61.32 62.19 67.65 67.43 65.82 71.71 84.27 72.55
674.00 65.79 61.32 62.19 67.65 67.43 65.82 71.71 84.27 72.55
675.00 65.96 61.36 62.31 67.54 67.38 65.81 71.54 84.64 72.78
676.00 65.96 61.36 62.31 67.54 67.38 65.81 71.54 84.64 72.78
677.00 65.96 61.36 62.31 67.54 67.38 65.81 71.54 84.64 72.78
678.00 65.96 61.36 62.31 67.54 67.38 65.81 71.54 84.64 72.78
679.00 65.96 61.36 62.31 67.54 67.38 65.81 71.54 84.64 72.78
680.00 65.86 61.43 62.58 67.55 67.40 65.66 71.50 84.42 72.72
681.00 65.86 61.43 62.58 67.55 67.40 65.66 71.50 84.42 72.72
682.00 65.86 61.43 62.58 67.55 67.40 65.66 71.50 84.42 72.72
683.00 65.86 61.43 62.58 67.55 67.40 65.66 71.50 84.42 72.72
684.00 65.86 61.43 62.58 67.55 67.40 65.66 71.50 84.42 72.72
685.00 65.76 61.46 62.47 67.59 67.27 65.73 71.56 84.28 72.67
686.00 65.76 61.46 62.47 67.59 67.27 65.73 71.56 84.28 72.67
687.00 65.76 61.46 62.47 67.59 67.27 65.73 71.56 84.28 72.67
688.00 65.76 61.46 62.47 67.59 67.27 65.73 71.56 84.28 72.67
689.00 65.76 61.46 62.47 67.59 67.27 65.73 71.56 84.28 72.67
690.00 65.74 61.48 62.39 67.61 67.36 65.67 71.44 84.43 72.80
691.00 65.74 61.48 62.39 67.61 67.36 65.67 71.44 84.43 72.80
692.00 65.74 61.48 62.39 67.61 67.36 65.67 71.44 84.43 72.80
693.00 65.74 61.48 62.39 67.61 67.36 65.67 71.44 84.43 72.80
694.00 65.74 61.48 62.39 67.61 67.36 65.67 71.44 84.43 72.80
695.00 65.74 61.49 62.45 67.56 67.37 65.92 71.22 84.22 72.82
696.00 65.74 61.49 62.45 67.56 67.37 65.92 71.22 84.22 72.82
697.00 65.74 61.49 62.45 67.56 67.37 65.92 71.22 84.22 72.82
698.00 65.74 61.49 62.45 67.56 67.37 65.92 71.22 84.22 72.82
699.00 65.74 61.49 62.45 67.56 67.37 65.92 71.22 84.22 72.82
700.00 65.72 61.45 62.32 67.75 67.40 65.78 71.39 84.09 73.20
701.00 65.72 61.45 62.32 67.75 67.40 65.78 71.39 84.09 73.20
702.00 65.72 61.45 62.32 67.75 67.40 65.78 71.39 84.09 73.20
703.00 65.72 61.45 62.32 67.75 67.40 65.78 71.39 84.09 73.20
704.00 65.72 61.45 62.32 67.75 67.40 65.78 71.39 84.09 73.20
705.00 65.70 61.44 62.70 67.65 67.38 65.71 71.48 84.08 73.15
706.00 65.70 61.44 62.70 67.65 67.38 65.71 71.48 84.08 73.15
707.00 65.70 61.44 62.70 67.65 67.38 65.71 71.48 84.08 73.15
708.00 65.70 61.44 62.70 67.65 67.38 65.71 71.48 84.08 73.15
709.00 65.70 61.44 62.70 67.65 67.38 65.71 71.48 84.08 73.15
710.00 65.75 61.60 62.40 67.68 67.36 65.69 71.26 84.19 73.26
711.00 65.75 61.60 62.40 67.68 67.36 65.69 71.26 84.19 73.26
712.00 65.75 61.60 62.40 67.68 67.36 65.69 71.26 84.19 73.26
713.00 65.75 61.60 62.40 67.68 67.36 65.69 71.26 84.19 73.26
714.00 65.75 61.60 62.40 67.68 67.36 65.69 71.26 84.19 73.26
715.00 65.80 61.51 62.49 67.68 67.33 65.75 71.50 84.12 72.94
716.00 65.80 61.51 62.49 67.68 67.33 65.75 71.50 84.12 72.94
717.00 65.80 61.51 62.49 67.68 67.33 65.75 71.50 84.12 72.94
718.00 65.80 61.51 62.49 67.68 67.33 65.75 71.50 84.12 72.94
719.00 65.80 61.51 62.49 67.68 67.33 65.75 71.50 84.12 72.94
720.00 65.89 61.57 62.57 67.67 67.35 65.51 71.51 84.08 73.21
721.00 65.89 61.57 62.57 67.67 67.35 65.51 71.51 84.08 73.21
722.00 65.89 61.57 62.57 67.67 67.35 65.51 71.51 84.08 73.21
723.00 65.89 61.57 62.57 67.67 67.35 65.51 71.51 84.08 73.21
724.00 65.89 61.57 62.57 67.67 67.35 65.51 71.51 84.08 73.21
725.00 65.77 61.76 62.55 67.65 67.35 65.82 71.37 84.02 73.17
726.00 65.77 61.76 62.55 67.65 67.35 65.82 71.37 84.02 73.17
727.00 65.77 61.76 62.55 67.65 67.35 65.82 71.37 84.02 73.17
728.00 65.77 61.76 62.55 67.65 67.35 65.82 71.37 84.02 73.17
729.00 65.77 61.76 62.55 67.65 67.35 65.82 71.37 84.02 73.17
730.00 65.75 61.83 62.47 67.73 67.49 65.73 71.38 83.84 73.24
731.00 65.75 61.83 62.47 67.73 67.49 65.73 71.38 83.84 73.24
732.00 65.75 61.83 62.47 67.73 67.49 65.73 71.38 83.84 73.24
733.00 65.75 61.83 62.47 67.73 67.49 65.73 71.38 83.84 73.24
734.00 65.75 61.83 62.47 67.73 67.49 65.73 71.38 83.84 73.24
735.00 65.76 61.64 62.48 67.71 67.39 65.64 71.49 83.98 73.45
736.00 65.76 61.64 62.48 67.71 67.39 65.64 71.49 83.98 73.45
737.00 65.76 61.64 62.48 67.71 67.39 65.64 71.49 83.98 73.45
738.00 65.76 61.64 62.48 67.71 67.39 65.64 71.49 83.98 73.45
739.00 65.76 61.64 62.48 67.71 67.39 65.64 71.49 83.98 73.45
740.00 65.84 61.83 62.55 67.76 67.41 65.83 71.29 84.14 73.29
741.00 65.84 61.83 62.55 67.76 67.41 65.83 71.29 84.14 73.29
742.00 65.84 61.83 62.55 67.76 67.41 65.83 71.29 84.14 73.29
743.00 65.84 61.83 62.55 67.76 67.41 65.83 71.29 84.14 73.29
744.00 65.84 61.83 62.55 67.76 67.41 65.83 71.29 84.14 73.29
745.00 65.86 61.79 62.48 68.01 67.35 65.85 71.39 84.04 73.98
746.00 65.86 61.79 62.48 68.01 67.35 65.85 71.39 84.04 73.98
747.00 65.86 61.79 62.48 68.01 67.35 65.85 71.39 84.04 73.98
748.00 65.86 61.79 62.48 68.01 67.35 65.85 71.39 84.04 73.98
749.00 65.86 61.79 62.48 68.01 67.35 65.85 71.39 84.04 73.98
750.00 66.03 61.87 62.73 67.96 67.35 65.73 71.59 84.00 73.77
751.00 66.03 61.87 62.73 67.96 67.35 65.73 71.59 84.00 73.77
752.00 66.03 61.87 62.73 67.96 67.35 65.73 71.59 84.00 73.77
753.00 66.03 61.87 62.73 67.96 67.35 65.73 71.59 84.00 73.77
754.00 66.03 61.87 62.73 67.96 67.35 65.73 71.59 84.00 73.77
755.00 65.87 61.85 62.50 67.81 67.32 65.72 71.50 84.22 73.71
756.00 65.87 61.85 62.50 67.81 67.32 65.72 71.50 84.22 73.71
757.00 65.87 61.85 62.50 67.81 67.32 65.72 71.50 84.22 73.71
758.00 65.87 61.85 62.50 67.81 67.32 65.72 71.50 84.22 73.71
759.00 65.87 61.85 62.50 67.81 67.32 65.72 71.50 84.22 73.71
760.00 65.85 61.88 62.51 67.78 67.35 65.66 71.42 84.02 73.84
761.00 65.85 61.88 62.51 67.78 67.35 65.66 71.42 84.02 73.84
762.00 65.85 61.88 62.51 67.78 67.35 65.66 71.42 84.02 73.84
763.00 65.85 61.88 62.51 67.78 67.35 65.66 71.42 84.02 73.84
764.00 65.85 61.88 62.51 67.78 67.35 65.66 71.42 84.02 73.84
765.00 65.85 61.89 62.46 67.81 67.32 65.49 71.49 83.92 73.98
766.00 65.85 61.89 62.46 67.81 67.32 65.49 71.49 83.92 73.98
767.00 65.85 61.89 62.46 67.81 67.32 65.49 71.49 83.92 73.98
768.00 65.85 61.89 62.46 67.81 67.32 65.49 71.49 83.92 73.98
769.00 65.85 61.89 62.46 67.81 67.32 65.49 71.49 83.92 73.98
770.00 65.91 61.98 62.66 68.06 67.32 65.78 71.42 84.05 73.84
771.00 65.91 61.98 62.66 68.06 67.32 65.78 71.42 84.05 73.84
772.00 65.91 61.98 62.66 68.06 67.32 65.78 71.42 84.05 73.84
773.00 65.91 61.98 62.66 68.06 67.32 65.78 71.42 84.05 73.84
774.00 65.91 61.98 62.66 68.06 67.32 65.78 71.42 84.05 73.84
775.00 65.92 61.91 62.60 67.84 67.34 65.66 71.42 83.98 74.20
776.00 65.92 61.91 62.60 67.84 67.34 65.66 71.42 83.98 74.20
777.00 65.92 61.91 62.60 67.84 67.34 65.66 71.42 83.98 74.20
778.00 65.92 61.91 62.60 67.84 67.34 65.66 71.42 83.98 74.20
779.00 65.92 61.91 62.60 67.84 67.34 65.66 71.42 83.98 74.20
780.00 65.91 61.98 62.82 67.84 67.29 65.75 71.58 84.04 74.05
781.00 65.91 61.98 62.82 67.84 67.29 65.75 71.58 84.04 74.05
782.00 65.91 61.98 62.82 67.84 67.29 65.75 71.58 84.04 74.05
783.00 65.91 61.98 62.82 67.84 67.29 65.75 71.58 84.04 74.05
784.00 65.91 61.98 62.82 67.84 67.29 65.75 71.58 84.04 74.05
785.00 65.90 61.99 62.49 67.92 67.25 65.55 71.45 83.97 74.02
786.00 65.90 61.99 62.49 67.92 67.25 65.55 71.45 83.97 74.02
787.00 65.90 61.99 62.49 67.92 67.25 65.55 71.45 83.97 74.02
788.00 65.90 61.99 62.49 67.92 67.25 65.55 71.45 83.97 74.02
789.00 65.90 61.99 62.49 67.92 67.25 65.55 71.45 83.97 74.02
790.00 65.92 61.95 62.40 67.87 67.28 65.67 71.36 83.86 74.16
791.00 65.92 61.95 62.40 67.87 67.28 65.67 71.36 83.86 74.16
792.00 65.92 61.95 62.40 67.87 67.28 65.67 71.36 83.86 74.16
793.00 65.92 61.95 62.40 67.87 67.28 65.67 71.36 83.86 74.16
794.00 65.92 61.95 62.40 67.87 67.28 65.67 71.36 83.86 74.16
795.00 65.91 61.98 62.26 67.68 67.24 65.64 71.51 83.86 74.60
796.00 65.91 61.98 62.26 67.68 67.24 65.64 71.51 83.86 74.60
797.00 65.91 61.98 62.26 67.68 67.24 65.64 71.51 83.86 74.60
798.00 65.91 61.98 62.26 67.68 67.24 65.64 71.51 83.86 74.60
799.00 65.91 61.98 62.26 67.68 67.24 65.64 71.51 83.86 74.60
800.00 65.96 62.10 62.34 67.85 67.21 65.81 71.40 83.89 74.10
801.00 65.96 62.10 62.34 67.85 67.21 65.81 71.40 83.89 74.10
802.00 65.96 62.10 62.34 67.85 67.21 65.81 71.40 83.89 74.10
803.00 65.96 62.10 62.34 67.85 67.21 65.81 71.40 83.89 74.10
804.00 65.96 62.10 62.34 67.85 67.21 65.81 71.40 83.89 74.10
805.00 66.06 62.10 62.17 67.90 67.21 65.64 72.00 83.70 74.74
806.00 66.06 62.10 62.17 67.90 67.21 65.64 72.00 83.70 74.74
807.00 66.06 62.10 62.17 67.90 67.21 65.64 72.00 83.70 74.74
808.00 66.06 62.10 62.17 67.90 67.21 65.64 72.00 83.70 74.74
809.00 66.06 62.10 62.17 67.90 67.21 65.64 72.00 83.70 74.74
810.00 65.89 62.32 62.59 67.84 67.22 65.61 71.57 83.82 74.47
811.00 65.89 62.32 62.59 67.84 67.22 65.61 71.57 83.82 74.47
812.00 65.89 62.32 62.59 67.84 67.22 65.61 71.57 83.82 74.47
813.00 65.89 62.32 62.59 67.84 67.22 65.61 71.57 83.82 74.47
814.00 65.89 62.32 62.59 67.84 67.22 65.61 71.57 83.82 74.47
815.00 65.97 62.18 62.52 67.94 67.26 65.58 71.47 83.95 74.16
816.00 65.97 62.18 62.52 67.94 67.26 65.58 71.47 83.95 74.16
817.00 65.97 62.18 62.52 67.94 67.26 65.58 71.47 83.95 74.16
818.00 65.97 62.18 62.52 67.94 67.26 65.58 71.47 83.95 74.16
819.00 65.97 62.18 62.52 67.94 67.26 65.58 71.47 83.95 74.16
820.00 65.80 62.19 62.41 67.95 67.21 65.62 71.65 83.66 74.35
821.00 65.80 62.19 62.41 67.95 67.21 65.62 71.65 83.66 74.35
822.00 65.80 62.19 62.41 67.95 67.21 65.62 71.65 83.66 74.35
823.00 65.80 62.19 62.41 67.95 67.21 65.62 71.65 83.66 74.35
824.00 65.80 62.19 62.41 67.95 67.21 65.62 71.65 83.66 74.35
825.00 65.99 62.28 62.35 67.93 67.24 65.66 71.34 84.08 74.58
826.00 65.99 62.28 62.35 67.93 67.24 65.66 71.34 84.08 74.58
827.00 65.99 62.28 62.35 67.93 67.24 65.66 71.34 84.08 74.58
828.00 65.99 62.28 62.35 67.93 67.24 65.66 71.34 84.08 74.58
829.00 65.99 62.28 62.35 67.93 67.24 65.66 71.34 84.08 74.58
830.00 66.03 62.29 62.40 67.96 67.20 65.63 71.41 83.77 74.71
831.00 66.03 62.29 62.40 67.96 67.20 65.63 71.41 83.77 74.71
832.00 66.03 62.29 62.40 67.96 67.20 65.63 71.41 83.77 74.71
833.00 66.03 62.29 62.40 67.96 67.20 65.63 71.41 83.77 74.71
834.00 66.03 62.29 62.40 67.96 67.20 65.63 71.41 83.77 74.71
835.00 65.97 62.28 62.33 67.98 67.23 65.71 71.36 83.85 74.50
836.00 65.97 62.28 62.33 67.98 67.23 65.71 71.36 83.85 74.50
837.00 65.97 62.28 62.33 67.98 67.23 65.71 71.36 83.85 74.50
838.00 65.97 62.28 62.33 67.98 67.23 65.71 71.36 83.85 74.50
839.00 65.97 62.28 62.33 67.98 67.23 65.71 71.36 83.85 74.50
840.00 66.02 62.26 62.36 67.98 67.16 65.65 71.44 83.66 74.64
841.00 66.02 62.26 62.36 67.98 67.16 65.65 71.44 83.66 74.64
842.00 66.02 62.26 62.36 67.98 67.16 65.65 71.44 83.66 74.64
843.00 66.02 62.26 62.36 67.98 67.16 65.65 71.44 83.66 74.64
844.00 66.02 62.26 62.36 67.98 67.16 65.65 71.44 83.66 74.64
845.00 66.07 62.37 62.46 67.99 67.17 65.82 71.22 83.74 74.32
846.00 66.07 62.37 62.46 67.99 67.17 65.82 71.22 83.74 74.32
847.00 66.07 62.37 62.46 67.99 67.17 65.82 71.22 83.74 74.32
848.00 66.07 62.37 62.46 67.99 67.17 65.82 71.22 83.74 74.32
849.00 66.07 62.37 62.46 67.99 67.17 65.82 71.22 83.74 74.32
850.00 65.98 62.37 62.39 67.99 67.13 65.73 71.46 83.54 74.76
851.00 65.98 62.37 62.39 67.99 67.13 65.73 71.46 83.54 74.76
852.00 65.98 62.37 62.39 67.99 67.13 65.73 71.46 83.54 74.76
853.00 65.98 62.37 62.39 67.99 67.13 65.73 71.46 83.54 74.76
854.00 65.98 62.37 62.39 67.99 67.13 65.73 71.46 83.54 74.76
855.00 66.04 62.47 62.43 67.81 67.19 65.78 71.48 83.91 74.68
856.00 66.04 62.47 62.43 67.81 67.19 65.78 71.48 83.91 74.68
857.00 66.04 62.47 62.43 67.81 67.19 65.78 71.48 83.91 74.68
858.00 66.04 62.47 62.43 67.81 67.19 65.78 71.48 83.91 74.68
859.00 66.04 62.47 62.43 67.81 67.19 65.78 71.48 83.91 74.68
860.00 66.02 62.50 62.56 68.14 67.19 65.67 71.53 83.65 74.51
861.00 66.02 62.50 62.56 68.14 67.19 65.67 71.53 83.65 74.51
862.00 66.02 62.50 62.56 68.14 67.19 65.67 71.53 83.65 74.51
863.00 66.02 62.50 62.56 68.14 67.19 65.67 71.53 83.65 74.51
864.00 66.02 62.50 62.56 68.14 67.19 65.67 71.53 83.65 74.51
865.00 65.83 62.43 62.52 68.08 67.22 65.53 71.26 83.66 74.45
866.00 65.83 62.43 62.52 68.08 67.22 65.53 71.26 83.66 74.45
867.00 65.83 62.43 62.52 68.08 67.22 65.53 71.26 83.66 74.45
868.00 65.83 62.43 62.52 68.08 67.22 65.53 71.26 83.66 74.45
869.00 65.83 62.43 62.52 68.08 67.22 65.53 71.26 83.66 74.45
870.00 66.22 62.44 62.49 68.06 67.15 65.32 71.53 83.62 74.50
871.00 66.22 62.44 62.49 68.06 67.15 65.32 71.53 83.62 74.50
872.00 66.22 62.44 62.49 68.06 67.15 65.32 71.53 83.62 74.50
873.00 66.22 62.44 62.49 68.06 67.15 65.32 71.53 83.62 74.50
874.00 66.22 62.44 62.49 68.06 67.15 65.32 71.53 83.62 74.50
875.00 66.14 62.50 62.51 68.08 67.20 65.47 71.40 83.62 74.42
876.00 66.14 62.50 62.51 68.08 67.20 65.47 71.40 83.62 74.42
877.00 66.14 62.50 62.51 68.08 67.20 65.47 71.40 83.62 74.42
878.00 66.14 62.50 62.51 68.08 67.20 65.47 71.40 83.62 74.42
879.00 66.14 62.50 62.51 68.08 67.20 65.47 71.40 83.62 74.42
880.00 65.98 62.49 62.36 68.09 67.18 65.58 71.46 83.46 74.51
881.00 65.98 62.49 62.36 68.09 67.18 65.58 71.46 83.46 74.51
882.00 65.98 62.49 62.36 68.09 67.18 65.58 71.46 83.46 74.51
883.00 65.98 62.49 62.36 68.09 67.18 65.58 71.46 83.46 74.51
884.00 65.98 62.49 62.36 68.09 67.18 65.58 71.46 83.46 74.51
885.00 66.01 62.52 62.52 68.08 67.16 65.49 71.32 83.88 74.73
886.00 66.01 62.52 62.52 68.08 67.16 65.49 71.32 83.88 74.73
887.00 66.01 62.52 62.52 68.08 67.16 65.49 71.32 83.88 74.73
888.00 66.01 62.52 62.52 68.08 67.16 65.49 71.32 83.88 74.73
889.00 66.01 62.52 62.52 68.08 67.16 65.49 71.32 83.88 74.73
890.00 66.07 62.58 62.72 68.22 67.11 65.52 71.31 83.66 74.58
891.00 66.07 62.58 62.72 68.22 67.11 65.52 71.31 83.66 74.58
892.00 66.07 62.58 62.72 68.22 67.11 65.52 71.31 83.66 74.58
893.00 66.07 62.58 62.72 68.22 67.11 65.52 71.31 83.66 74.58
894.00 66.07 62.58 62.72 68.22 67.11 65.52 71.31 83.66 74.58
895.00 65.89 62.45 62.53 68.12 67.11 65.60 71.44 83.58 75.01
896.00 65.89 62.45 62.53 68.12 67.11 65.60 71.44 83.58 75.01
897.00 65.89 62.45 62.53 68.12 67.11 65.60 71.44 83.58 75.01
898.00 65.89 62.45 62.53 68.12 67.11 65.60 71.44 83.58 75.01
899.00 65.89 62.45 62.53 68.12 67.11 65.60 71.44 83.58 75.01
900.00 66.22 62.53 62.52 67.90 67.13 65.49 71.32 83.58 74.72
901.00 66.22 62.53 62.52 67.90 67.13 65.49 71.32 83.58 74.72
902.00 66.22 62.53 62.52 67.90 67.13 65.49 71.32 83.58 74.72
903.00 66.22 62.53 62.52 67.90 67.13 65.49 71.32 83.58 74.72
904.00 66.22 62.53 62.52 67.90 67.13 65.49 71.32 83.58 74.72
905.00 66.11 62.55 62.51 68.09 67.13 65.48 71.58 83.74 74.65
906.00 66.11 62.55 62.51 68.09 67.13 65.48 71.58 83.74 74.65
907.00 66.11 62.55 62.51 68.09 67.13 65.48 71.58 83.74 74.65
908.00 66.11 62.55 62.51 68.09 67.13 65.48 71.58 83.74 74.65
909.00 66.11 62.55 62.51 68.09 67.13 65.48 71.58 83.74 74.65
910.00 66.03 62.43 62.37 68.31 67.14 65.47 71.27 83.59 74.69
911.00 66.03 62.43 62.37 68.31 67.14 65.47 71.27 83.59 74.69
912.00 66.03 62.43 62.37 68.31 67.14 65.47 71.27 83.59 74.69
913.00 66.03 62.43 62.37 68.31 67.14 65.47 71.27 83.59 74.69
914.00 66.03 62.43 62.37 68.31 67.14 65.47 71.27 83.59 74.69
915.00 66.05 62.97 62.59 68.21 67.17 65.46 71.27 83.56 74.77
916.00 66.05 62.97 62.59 68.21 67.17 65.46 71.27 83.56 74.77
917.00 66.05 62.97 62.59 68.21 67.17 65.46 71.27 83.56 74.77
918.00 66.05 62.97 62.59 68.21 67.17 65.46 71.27 83.56 74.77
919.00 66.05 62.97 62.59 68.21 67.17 65.46 71.27 83.56 74.77
920.00 66.01 62.74 62.61 68.21 67.16 65.66 71.27 83.54 74.63
921.00 66.01 62.74 62.61 68.21 67.16 65.66 71.27 83.54 74.63
922.00 66.01 62.74 62.61 68.21 67.16 65.66 71.27 83.54 74.63
923.00 66.01 62.74 62.61 68.21 67.16 65.66 71.27 83.54 74.63
924.00 66.01 62.74 62.61 68.21 67.16 65.66 71.27 83.54 74.63
925.00 66.09 62.61 62.59 68.21 67.14 65.55 71.48 83.52 74.77
926.00 66.09 62.61 62.59 68.21 67.14 65.55 71.48 83.52 74.77
927.00 66.09 62.61 62.59 68.21 67.14 65.55 71.48 83.52 74.77
928.00 66.09 62.61 62.59 68.21 67.14 65.55 71.48 83.52 74.77
929.00 66.09 62.61 62.59 68.21 67.14 65.55 71.48 83.52 74.77
930.00 65.98 62.90 62.87 68.15 67.08 65.43 71.41 83.49 75.11
931.00 65.98 62.90 62.87 68.15 67.08 65.43 71.41 83.49 75.11
932.00 65.98 62.90 62.87 68.15 67.08 65.43 71.41 83.49 75.11
933.00 65.98 62.90 62.87 68.15 67.08 65.43 71.41 83.49 75.11
934.00 65.98 62.90 62.87 68.15 67.08 65.43 71.41 83.49 75.11
935.00 66.22 62.81 62.73 68.17 67.10 65.49 71.28 83.69 74.95
936.00 66.22 62.81 62.73 68.17 67.10 65.49 71.28 83.69 74.95
937.00 66.22 62.81 62.73 68.17 67.10 65.49 71.28 83.69 74.95
938.00 66.22 62.81 62.73 68.17 67.10 65.49 71.28 83.69 74.95
939.00 66.22 62.81 62.73 68.17 67.10 65.49 71.28 83.69 74.95
940.00 65.93 62.67 62.69 68.25 67.18 65.44 71.55 83.55 74.99
941.00 65.93 62.67 62.69 68.25 67.18 65.44 71.55 83.55 74.99
942.00 65.93 62.67 62.69 68.25 67.18 65.44 71.55 83.55 74.99
943.00 65.93 62.67 62.69 68.25 67.18 65.44 71.55 83.55 74.99
944.00 65.93 62.67 62.69 68.25 67.18 65.44 71.55 83.55 74.99
945.00 66.10 62.69 62.63 68.20 67.18 65.42 71.37 83.52 75.12
946.00 66.10 62.69 62.63 68.20 67.18 65.42 71.37 83.52 75.12
947.00 66.10 62.69 62.63 68.20 67.18 65.42 71.37 83.52 75.12
948.00 66.10 62.69 62.63 68.20 67.18 65.42 71.37 83.52 75.12
949.00 66.10 62.69 62.63 68.20 67.18 65.42 71.37 83.52 75.12
950.00 66.14 62.84 62.66 68.22 67.17 65.44 71.32 83.52 75.11
951.00 66.14 62.84 62.66 68.22 67.17 65.44 71.32 83.52 75.11
952.00 66.14 62.84 62.66 68.22 67.17 65.44 71.32 83.52 75.11
953.00 66.14 62.84 62.66 68.22 67.17 65.44 71.32 83.52 75.11
954.00 66.14 62.84 62.66 68.22 67.17 65.44 71.32 83.52 75.11
955.00 66.18 62.71 62.48 68.17 67.17 65.48 71.56 83.32 75.14
956.00 66.18 62.71 62.48 68.17 67.17 65.48 71.56 83.32 75.14
957.00 66.18 62.71 62.48 68.17 67.17 65.48 71.56 83.32 75.14
958.00 66.18 62.71 62.48 68.17 67.17 65.48 71.56 83.32 75.14
959.00 66.18 62.71 62.48 68.17 67.17 65.48 71.56 83.32 75.14
960.00 66.03 63.02 62.61 68.04 67.23 65.46 71.33 83.49 75.11
961.00 66.03 63.02 62.61 68.04 67.23 65.46 71.33 83.49 75.11
962.00 66.03 63.02 62.61 68.04 67.23 65.46 71.33 83.49 75.11
963.00 66.03 63.02 62.61 68.04 67.23 65.46 71.33 83.49 75.11
964.00 66.03 63.02 62.61 68.04 67.23 65.46 71.33 83.49 75.11
965.00 66.15 62.95 62.63 68.20 67.17 65.46 71.26 83.64 75.08
966.00 66.15 62.95 62.63 68.20 67.17 65.46 71.26 83.64 75.08
967.00 66.15 62.95 62.63 68.20 67.17 65.46 71.26 83.64 75.08
968.00 66.15 62.95 62.63 68.20 67.17 65.46 71.26 83.64 75.08
969.00 66.15 62.95 62.63 68.20 67.17 65.46 71.26 83.64 75.08
970.00 66.14 62.95 62.68 68.17 67.31 65.55 71.20 83.54 75.29
971.00 66.14 62.95 62.68 68.17 67.31 65.55 71.20 83.54 75.29
972.00 66.14 62.95 62.68 68.17 67.31 65.55 71.20 83.54 75.29
973.00 66.14 62.95 62.68 68.17 67.31 65.55 71.20 83.54 75.29
974.00 66.14 62.95 62.68 68.17 67.31 65.55 71.20 83.54 75.29
975.00 66.18 62.78 62.66 68.19 67.42 65.40 71.22 83.43 75.20
976.00 66.18 62.78 62.66 68.19 67.42 65.40 71.22 83.43 75.20
977.00 66.18 62.78 62.66 68.19 67.42 65.40 71.22 83.43 75.20
978.00 66.18 62.78 62.66 68.19 67.42 65.40 71.22 83.43 75.20
979.00 66.18 62.78 62.66 68.19 67.42 65.40 71.22 83.43 75.20
980.00 66.26 62.91 62.59 68.43 67.28 65.36 71.25 83.47 75.24
981.00 66.26 62.91 62.59 68.43 67.28 65.36 71.25 83.47 75.24
982.00 66.26 62.91 62.59 68.43 67.28 65.36 71.25 83.47 75.24
983.00 66.26 62.91 62.59 68.43 67.28 65.36 71.25 83.47 75.24
984.00 66.26 62.91 62.59 68.43 67.28 65.36 71.25 83.47 75.24
985.00 66.20 62.84 62.42 68.22 67.11 65.39 71.26 83.27 75.14
986.00 66.20 62.84 62.42 68.22 67.11 65.39 71.26 83.27 75.14
987.00 66.20 62.84 62.42 68.22 67.11 65.39 71.26 83.27 75.14
988.00 66.20 62.84 62.42 68.22 67.11 65.39 71.26 83.27 75.14
989.00 66.20 62.84 62.42 68.22 67.11 65.39 71.26 83.27 75.14
990.00 66.20 63.09 62.62 68.18 67.49 65.42 71.23 83.42 75.09
991.00 66.20 63.09 62.62 68.18 67.49 65.42 71.23 83.42 75.09
992.00 66.20 63.09 62.62 68.18 67.49 65.42 71.23 83.42 75.09
993.00 66.20 63.09 62.62 68.18 67.49 65.42 71.23 83.42 75.09
994.00 66.20 63.09 62.62 68.18 67.49 65.42 71.23 83.42 75.09
995.00 66.21 62.94 62.71 68.26 67.50 65.42 71.21 83.39 75.03
996.00 66.21 62.94 62.71 68.26 67.50 65.42 71.21 83.39 75.03
997.00 66.21 62.94 62.71 68.26 67.50 65.42 71.21 83.39 75.03
998.00 66.21 62.94 62.71 68.26 67.50 65.42 71.21 83.39 75.03
999.00 66.21 62.94 62.71 68.26 67.50 65.42 71.21 83.39 75.03
1000.00 66.15 62.98 62.55 68.20 67.44 65.36 71.20 83.20 75.13
1001.00 66.15 62.98 62.55 68.20 67.44 65.36 71.20 83.20 75.13
1002.00 66.15 62.98 62.55 68.20 67.44 65.36 71.20 83.20 75.13
1003.00 66.15 62.98 62.55 68.20 67.44 65.36 71.20 83.20 75.13
1004.00 66.15 62.98 62.55 68.20 67.44 65.36 71.20 83.20 75.13
1005.00 66.30 63.03 62.97 68.23 67.16 65.35 71.27 83.56 75.45
1006.00 66.30 63.03 62.97 68.23 67.16 65.35 71.27 83.56 75.45
1007.00 66.30 63.03 62.97 68.23 67.16 65.35 71.27 83.56 75.45
1008.00 66.30 63.03 62.97 68.23 67.16 65.35 71.27 83.56 75.45
1009.00 66.30 63.03 62.97 68.23 67.16 65.35 71.27 83.56 75.45
1010.00 66.29 63.06 62.76 68.24 67.08 65.45 71.21 83.43 75.28
1011.00 66.29 63.06 62.76 68.24 67.08 65.45 71.21 83.43 75.28
1012.00 66.29 63.06 62.76 68.24 67.08 65.45 71.21 83.43 75.28
1013.00 66.29 63.06 62.76 68.24 67.08 65.45 71.21 83.43 75.28
1014.00 66.29 63.06 62.76 68.24 67.08 65.45 71.21 83.43 75.28
1015.00 66.27 63.06 62.58 68.22 67.13 65.47 71.23 83.34 75.74
1016.00 66.27 63.06 62.58 68.22 67.13 65.47 71.23 83.34 75.74
1017.00 66.27 63.06 62.58 68.22 67.13 65.47 71.23 83.34 75.74
1018.00 66.27 63.06 62.58 68.22 67.13 65.47 71.23 83.34 75.74
1019.00 66.27 63.06 62.58 68.22 67.13 65.47 71.23 83.34 75.74
1020.00 66.27 63.05 62.78 68.29 67.13 65.41 71.21 83.30 75.70
1021.00 66.27 63.05 62.78 68.29 67.13 65.41 71.21 83.30 75.70
1022.00 66.27 63.05 62.78 68.29 67.13 65.41 71.21 83.30 75.70
1023.00 66.27 63.05 62.78 68.29 67.13 65.41 71.21 83.30 75.70
1024.00 66.27 63.05 62.78 68.29 67.13 65.41 71.21 83.30 75.70
1025.00 66.30 63.15 62.88 68.28 67.12 65.41 71.20 83.33 75.62
1026.00 66.30 63.15 62.88 68.28 67.12 65.41 71.20 83.33 75.62
1027.00 66.30 63.15 62.88 68.28 67.12 65.41 71.20 83.33 75.62
1028.00 66.30 63.15 62.88 68.28 67.12 65.41 71.20 83.33 75.62
1029.00 66.30 63.15 62.88 68.28 67.12 65.41 71.20 83.33 75.62
1030.00 66.20 63.06 62.68 68.30 67.08 66.00 71.23 83.23 75.72
1031.00 66.20 63.06 62.68 68.30 67.08 66.00 71.23 83.23 75.72
1032.00 66.20 63.06 62.68 68.30 67.08 66.00 71.23 83.23 75.72
1033.00 66.20 63.06 62.68 68.30 67.08 66.00 71.23 83.23 75.72
1034.00 66.20 63.06 62.68 68.30 67.08 66.00 71.23 83.23 75.72
1035.00 66.23 63.10 62.87 68.25 67.15 66.14 71.23 83.17 75.74
1036.00 66.23 63.10 62.87 68.25 67.15 66.14 71.23 83.17 75.74
1037.00 66.23 63.10 62.87 68.25 67.15 66.14 71.23 83.17 75.74
1038.00 66.23 63.10 62.87 68.25 67.15 66.14 71.23 83.17 75.74
1039.00 66.23 63.10 62.87 68.25 67.15 66.14 71.23 83.17 75.74
1040.00 66.24 63.09 62.89 68.22 67.11 65.76 71.15 83.28 75.87
1041.00 66.24 63.09 62.89 68.22 67.11 65.76 71.15 83.28 75.87
1042.00 66.24 63.09 62.89 68.22 67.11 65.76 71.15 83.28 75.87
1043.00 66.24 63.09 62.89 68.22 67.11 65.76 71.15 83.28 75.87
1044.00 66.24 63.09 62.89 68.22 67.11 65.76 71.15 83.28 75.87
1045.00 66.07 63.03 62.81 68.26 67.12 65.88 71.15 83.26 75.85
1046.00 66.07 63.03 62.81 68.26 67.12 65.88 71.15 83.26 75.85
1047.00 66.07 63.03 62.81 68.26 67.12 65.88 71.15 83.26 75.85
1048.00 66.07 63.03 62.81 68.26 67.12 65.88 71.15 83.26 75.85
1049.00 66.07 63.03 62.81 68.26 67.12 65.88 71.15 83.26 75.85
1050.00 66.25 63.03 62.86 68.22 67.14 65.59 71.22 83.45 76.15
1051.00 66.25 63.03 62.86 68.22 67.14 65.59 71.22 83.45 76.15
1052.00 66.25 63.03 62.86 68.22 67.14 65.59 71.22 83.45 76.15
1053.00 66.25 63.03 62.86 68.22 67.14 65.59 71.22 83.45 76.15
1054.00 66.25 63.03 62.86 68.22 67.14 65.59 71.22 83.45 76.15
1055.00 66.35 63.04 62.89 68.26 67.06 66.02 71.24 83.33 75.92
1056.00 66.35 63.04 62.89 68.26 67.06 66.02 71.24 83.33 75.92
1057.00 66.35 63.04 62.89 68.26 67.06 66.02 71.24 83.33 75.92
1058.00 66.35 63.04 62.89 68.26 67.06 66.02 71.24 83.33 75.92
1059.00 66.35 63.04 62.89 68.26 67.06 66.02 71.24 83.33 75.92
1060.00 66.22 63.06 62.80 68.26 67.07 65.68 71.20 83.22 76.03
1061.00 66.22 63.06 62.80 68.26 67.07 65.68 71.20 83.22 76.03
1062.00 66.22 63.06 62.80 68.26 67.07 65.68 71.20 83.22 76.03
1063.00 66.22 63.06 62.80 68.26 67.07 65.68 71.20 83.22 76.03
1064.00 66.22 63.06 62.80 68.26 67.07 65.68 71.20 83.22 76.03
1065.00 66.24 63.11 62.87 68.23 67.08 65.57 71.16 83.42 76.22
1066.00 66.24 63.11 62.87 68.23 67.08 65.57 71.16 83.42 76.22
1067.00 66.24 63.11 62.87 68.23 67.08 65.57 71.16 83.42 76.22
1068.00 66.24 63.11 62.87 68.23 67.08 65.57 71.16 83.42 76.22
1069.00 66.24 63.11 62.87 68.23 67.08 65.57 71.16 83.42 76.22
1070.00 66.18 63.16 62.89 68.30 67.06 65.61 71.13 83.22 76.27
1071.00 66.18 63.16 62.89 68.30 67.06 65.61 71.13 83.22 76.27
1072.00 66.18 63.16 62.89 68.30 67.06 65.61 71.13 83.22 76.27
1073.00 66.18 63.16 62.89 68.30 67.06 65.61 71.13 83.22 76.27
1074.00 66.18 63.16 62.89 68.30 67.06 65.61 71.13 83.22 76.27
1075.00 66.27 63.12 62.96 68.29 67.07 65.57 71.16 83.18 76.56
1076.00 66.27 63.12 62.96 68.29 67.07 65.57 71.16 83.18 76.56
1077.00 66.27 63.12 62.96 68.29 67.07 65.57 71.16 83.18 76.56
1078.00 66.27 63.12 62.96 68.29 67.07 65.57 71.16 83.18 76.56
1079.00 66.27 63.12 62.96 68.29 67.07 65.57 71.16 83.18 76.56
1080.00 66.20 63.18 62.79 68.30 67.14 65.70 71.24 83.43 76.50
1081.00 66.20 63.18 62.79 68.30 67.14 65.70 71.24 83.43 76.50
1082.00 66.20 63.18 62.79 68.30 67.14 65.70 71.24 83.43 76.50
1083.00 66.20 63.18 62.79 68.30 67.14 65.70 71.24 83.43 76.50
1084.00 66.20 63.18 62.79 68.30 67.14 65.70 71.24 83.43 76.50
1085.00 66.33 63.23 62.94 68.41 67.06 65.79 71.14 83.32 76.44
1086.00 66.33 63.23 62.94 68.41 67.06 65.79 71.14 83.32 76.44
1087.00 66.33 63.23 62.94 68.41 67.06 65.79 71.14 83.32 76.44
1088.00 66.33 63.23 62.94 68.41 67.06 65.79 71.14 83.32 76.44
1089.00 66.33 63.23 62.94 68.41 67.06 65.79 71.14 83.32 76.44
1090.00 66.27 63.28 62.83 68.34 67.08 65.76 71.07 83.17 76.35
1091.00 66.27 63.28 62.83 68.34 67.08 65.76 71.07 83.17 76.35
1092.00 66.27 63.28 62.83 68.34 67.08 65.76 71.07 83.17 76.35
1093.00 66.27 63.28 62.83 68.34 67.08 65.76 71.07 83.17 76.35
1094.00 66.27 63.28 62.83 68.34 67.08 65.76 71.07 83.17 76.35
1095.00 66.28 63.28 62.82 68.30 67.09 65.75 71.14 83.40 76.41
1096.00 66.28 63.28 62.82 68.30 67.09 65.75 71.14 83.40 76.41
1097.00 66.28 63.28 62.82 68.30 67.09 65.75 71.14 83.40 76.41
1098.00 66.28 63.28 62.82 68.30 67.09 65.75 71.14 83.40 76.41
1099.00 66.28 63.28 62.82 68.30 67.09 65.75 71.14 83.40 76.41
1100.00 66.46 63.33 62.98 68.29 67.03 65.78 71.09 83.30 76.59
1101.00 66.46 63.33 62.98 68.29 67.03 65.78 71.09 83.30 76.59
1102.00 66.46 63.33 62.98 68.29 67.03 65.78 71.09 83.30 76.59
1103.00 66.46 63.33 62.98 68.29 67.03 65.78 71.09 83.30 76.59
1104.00 66.46 63.33 62.98 68.29 67.03 65.78 71.09 83.30 76.59
1105.00 66.29 63.28 62.95 68.27 67.02 65.74 71.07 83.15 76.53
1106.00 66.29 63.28 62.95 68.27 67.02 65.74 71.07 83.15 76.53
1107.00 66.29 63.28 62.95 68.27 67.02 65.74 71.07 83.15 76.53
1108.00 66.29 63.28 62.95 68.27 67.02 65.74 71.07 83.15 76.53
1109.00 66.29 63.28 62.95 68.27 67.02 65.74 71.07 83.15 76.53
1110.00 66.28 63.36 63.38 68.25 67.03 65.74 71.12 83.14 76.56
1111.00 66.28 63.36 63.38 68.25 67.03 65.74 71.12 83.14 76.56
1112.00 66.28 63.36 63.38 68.25 67.03 65.74 71.12 83.14 76.56
1113.00 66.28 63.36 63.38 68.25 67.03 65.74 71.12 83.14 76.56
1114.00 66.28 63.36 63.38 68.25 67.03 65.74 71.12 83.14 76.56
1115.00 66.21 63.37 63.15 68.27 67.03 65.76 71.08 83.19 76.64
1116.00 66.21 63.37 63.15 68.27 67.03 65.76 71.08 83.19 76.64
1117.00 66.21 63.37 63.15 68.27 67.03 65.76 71.08 83.19 76.64
1118.00 66.21 63.37 63.15 68.27 67.03 65.76 71.08 83.19 76.64
1119.00 66.21 63.37 63.15 68.27 67.03 65.76 71.08 83.19 76.64
1120.00 66.22 63.35 63.05 68.28 67.05 65.74 71.03 83.12 76.59
1121.00 66.22 63.35 63.05 68.28 67.05 65.74 71.03 83.12 76.59
1122.00 66.22 63.35 63.05 68.28 67.05 65.74 71.03 83.12 76.59
1123.00 66.22 63.35 63.05 68.28 67.05 65.74 71.03 83.12 76.59
1124.00 66.22 63.35 63.05 68.28 67.05 65.74 71.03 83.12 76.59
1125.00 66.40 63.27 63.00 68.26 67.00 65.73 71.03 83.06 76.67
1126.00 66.40 63.27 63.00 68.26 67.00 65.73 71.03 83.06 76.67
1127.00 66.40 63.27 63.00 68.26 67.00 65.73 71.03 83.06 76.67
1128.00 66.40 63.27 63.00 68.26 67.00 65.73 71.03 83.06 76.67
1129.00 66.40 63.27 63.00 68.26 67.00 65.73 71.03 83.06 76.67
1130.00 66.25 63.36 63.01 68.22 67.07 65.72 71.09 83.15 76.65
1131.00 66.25 63.36 63.01 68.22 67.07 65.72 71.09 83.15 76.65
1132.00 66.25 63.36 63.01 68.22 67.07 65.72 71.09 83.15 76.65
1133.00 66.25 63.36 63.01 68.22 67.07 65.72 71.09 83.15 76.65
1134.00 66.25 63.36 63.01 68.22 67.07 65.72 71.09 83.15 76.65
1135.00 66.24 63.33 62.86 68.19 67.08 65.70 71.26 83.09 76.65
1136.00 66.24 63.33 62.86 68.19 67.08 65.70 71.26 83.09 76.65
1137.00 66.24 63.33 62.86 68.19 67.08 65.70 71.26 83.09 76.65
1138.00 66.24 63.33 62.86 68.19 67.08 65.70 71.26 83.09 76.65
1139.00 66.24 63.33 62.86 68.19 67.08 65.70 71.26 83.09 76.65
1140.00 66.33 63.37 63.16 68.19 67.11 65.71 71.12 83.08 76.76
1141.00 66.33 63.37 63.16 68.19 67.11 65.71 71.12 83.08 76.76
1142.00 66.33 63.37 63.16 68.19 67.11 65.71 71.12 83.08 76.76
1143.00 66.33 63.37 63.16 68.19 67.11 65.71 71.12 83.08 76.76
1144.00 66.33 63.37 63.16 68.19 67.11 65.71 71.12 83.08 76.76
1145.00 66.36 63.43 63.13 68.19 67.10 65.70 71.17 83.09 76.79
1146.00 66.36 63.43 63.13 68.19 67.10 65.70 71.17 83.09 76.79
1147.00 66.36 63.43 63.13 68.19 67.10 65.70 71.17 83.09 76.79
1148.00 66.36 63.43 63.13 68.19 67.10 65.70 71.17 83.09 76.79
1149.00 66.36 63.43 63.13 68.19 67.10 65.70 71.17 83.09 76.79
1150.00 66.14 63.45 63.08 68.18 67.10 65.73 70.99 83.03 76.79
1151.00 66.14 63.45 63.08 68.18 67.10 65.73 70.99 83.03 76.79
1152.00 66.14 63.45 63.08 68.18 67.10 65.73 70.99 83.03 76.79
1153.00 66.14 63.45 63.08 68.18 67.10 65.73 70.99 83.03 76.79
1154.00 66.14 63.45 63.08 68.18 67.10 65.73 70.99 83.03 76.79
1155.00 66.43 63.47 63.10 68.17 67.12 65.68 71.22 83.26 77.05
1156.00 66.43 63.47 63.10 68.17 67.12 65.68 71.22 83.26 77.05
1157.00 66.43 63.47 63.10 68.17 67.12 65.68 71.22 83.26 77.05
1158.00 66.43 63.47 63.10 68.17 67.12 65.68 71.22 83.26 77.05
1159.00 66.43 63.47 63.10 68.17 67.12 65.68 71.22 83.26 77.05
1160.00 66.38 63.46 63.13 68.37 67.15 65.66 71.16 83.18 77.00
1161.00 66.38 63.46 63.13 68.37 67.15 65.66 71.16 83.18 77.00
1162.00 66.38 63.46 63.13 68.37 67.15 65.66 71.16 83.18 77.00
1163.00 66.38 63.46 63.13 68.37 67.15 65.66 71.16 83.18 77.00
1164.00 66.38 63.46 63.13 68.37 67.15 65.66 71.16 83.18 77.00
1165.00 66.31 63.45 63.07 68.34 67.21 65.68 71.03 83.11 77.07
1166.00 66.31 63.45 63.07 68.34 67.21 65.68 71.03 83.11 77.07
1167.00 66.31 63.45 63.07 68.34 67.21 65.68 71.03 83.11 77.07
1168.00 66.31 63.45 63.07 68.34 67.21 65.68 71.03 83.11 77.07
1169.00 66.31 63.45 63.07 68.34 67.21 65.68 71.03 83.11 77.07
1170.00 66.30 63.68 63.10 68.20 67.23 65.65 71.09 83.25 77.04
1171.00 66.30 63.68 63.10 68.20 67.23 65.65 71.09 83.25 77.04
1172.00 66.30 63.68 63.10 68.20 67.23 65.65 71.09 83.25 77.04
1173.00 66.30 63.68 63.10 68.20 67.23 65.65 71.09 83.25 77.04
1174.00 66.30 63.68 63.10 68.20 67.23 65.65 71.09 83.25 77.04
1175.00 66.40 63.49 63.18 68.20 67.22 65.67 70.93 83.27 77.06
1176.00 66.40 63.49 63.18 68.20 67.22 65.67 70.93 83.27 77.06
1177.00 66.40 63.49 63.18 68.20 67.22 65.67 70.93 83.27 77.06
1178.00 66.40 63.49 63.18 68.20 67.22 65.67 70.93 83.27 77.06
1179.00 66.40 63.49 63.18 68.20 67.22 65.67 70.93 83.27 77.06
1180.00 66.18 63.54 62.95 68.21 67.25 65.63 71.23 83.34 77.04
1181.00 66.18 63.54 62.95 68.21 67.25 65.63 71.23 83.34 77.04
1182.00 66.18 63.54 62.95 68.21 67.25 65.63 71.23 83.34 77.04
1183.00 66.18 63.54 62.95 68.21 67.25 65.63 71.23 83.34 77.04
1184.00 66.18 63.54 62.95 68.21 67.25 65.63 71.23 83.34 77.04
1185.00 66.35 63.55 63.29 68.23 67.27 65.67 71.09 83.34 77.15
1186.00 66.35 63.55 63.29 68.23 67.27 65.67 71.09 83.34 77.15
1187.00 66.35 63.55 63.29 68.23 67.27 65.67 71.09 83.34 77.15
1188.00 66.35 63.55 63.29 68.23 67.27 65.67 71.09 83.34 77.15
1189.00 66.35 63.55 63.29 68.23 67.27 65.67 71.09 83.34 77.15
1190.00 66.43 63.58 63.19 68.29 67.24 65.63 71.05 83.24 77.12
1191.00 66.43 63.58 63.19 68.29 67.24 65.63 71.05 83.24 77.12
1192.00 66.43 63.58 63.19 68.29 67.24 65.63 71.05 83.24 77.12
1193.00 66.43 63.58 63.19 68.29 67.24 65.63 71.05 83.24 77.12
1194.00 66.43 63.58 63.19 68.29 67.24 65.63 71.05 83.24 77.12
1195.00 66.40 63.58 63.14 68.28 67.27 65.67 71.23 83.21 77.13
1196.00 66.40 63.58 63.14 68.28 67.27 65.67 71.23 83.21 77.13
1197.00 66.40 63.58 63.14 68.28 67.27 65.67 71.23 83.21 77.13
1198.00 66.40 63.58 63.14 68.28 67.27 65.67 71.23 83.21 77.13
1199.00 66.40 63.58 63.14 68.28 67.27 65.67 71.23 83.21 77.13
