0.00 42.03 45.64 49.04 31.25 32.98 38.33
1.00 42.03 45.64 49.04 31.25 32.98 38.33
2.00 42.03 45.64 49.04 31.25 32.98 38.33
3.00 42.03 45.64 49.04 31.25 32.98 38.33
4.00 42.03 45.64 49.04 31.25 32.98 38.33
5.00 41.97 45.57 49.07 31.68 33.04 38.83
6.00 41.97 45.57 49.07 31.68 33.04 38.83
7.00 41.97 45.57 49.07 31.68 33.04 38.83
8.00 41.97 45.57 49.07 31.68 33.04 38.83
9.00 41.97 45.57 49.07 31.68 33.04 38.83
10.00 41.88 45.58 49.02 33.18 33.38 39.62
11.00 41.88 45.58 49.02 33.18 33.38 39.62
12.00 41.88 45.58 49.02 33.18 33.38 39.62
13.00 41.88 45.58 49.02 33.18 33.38 39.62
14.00 41.88 45.58 49.02 33.18 33.38 39.62
15.00 42.20 45.54 49.09 35.04 32.73 40.56
16.00 42.20 45.54 49.09 35.04 32.73 40.56
17.00 42.20 45.54 49.09 35.04 32.73 40.56
18.00 42.20 45.54 49.09 35.04 32.73 40.56
19.00 42.20 45.54 49.09 35.04 32.73 40.56
20.00 42.70 45.73 49.55 35.87 33.11 41.10
21.00 42.70 45.73 49.55 35.87 33.11 41.10
22.00 42.70 45.73 49.55 35.87 33.11 41.10
23.00 42.70 45.73 49.55 35.87 33.11 41.10
24.00 42.70 45.73 49.55 35.87 33.11 41.10
25.00 43.70 47.41 50.78 37.29 34.38 41.48
26.00 43.70 47.41 50.78 37.29 34.38 41.48
27.00 43.70 47.41 50.78 37.29 34.38 41.48
28.00 43.70 47.41 50.78 37.29 34.38 41.48
29.00 43.70 47.41 50.78 37.29 34.38 41.48
30.00 45.18 51.95 56.12 39.08 35.47 42.54
31.00 45.18 51.95 56.12 39.08 35.47 42.54
32.00 45.18 51.95 56.12 39.08 35.47 42.54
33.00 45.18 51.95 56.12 39.08 35.47 42.54
34.00 45.18 51.95 56.12 39.08 35.47 42.54
35.00 47.28 59.05 59.96 40.26 36.51 43.16
36.00 47.28 59.05 59.96 40.26 36.51 43.16
37.00 47.28 59.05 59.96 40.26 36.51 43.16
38.00 47.28 59.05 59.96 40.26 36.51 43.16
39.00 47.28 59.05 59.96 40.26 36.51 43.16
40.00 49.35 64.11 61.50 41.78 36.89 43.59
41.00 49.35 64.11 61.50 41.78 36.89 43.59
42.00 49.35 64.11 61.50 41.78 36.89 43.59
43.00 49.35 64.11 61.50 41.78 36.89 43.59
44.00 49.35 64.11 61.50 41.78 36.89 43.59
45.00 51.04 68.02 65.42 44.37 38.47 44.45
46.00 51.04 68.02 65.42 44.37 38.47 44.45
47.00 51.04 68.02 65.42 44.37 38.47 44.45
48.00 51.04 68.02 65.42 44.37 38.47 44.45
49.00 51.04 68.02 65.42 44.37 38.47 44.45
50.00 52.50 71.21 70.85 46.45 40.51 44.83
51.00 52.50 71.21 70.85 46.45 40.51 44.83
52.00 52.50 71.21 70.85 46.45 40.51 44.83
53.00 52.50 71.21 70.85 46.45 40.51 44.83
54.00 52.50 71.21 70.85 46.45 40.51 44.83
55.00 54.02 74.18 71.98 49.70 41.98 45.13
56.00 54.02 74.18 71.98 49.70 41.98 45.13
57.00 54.02 74.18 71.98 49.70 41.98 45.13
58.00 54.02 74.18 71.98 49.70 41.98 45.13
59.00 54.02 74.18 71.98 49.70 41.98 45.13
60.00 55.43 76.91 72.35 51.57 43.48 45.90
61.00 55.43 76.91 72.35 51.57 43.48 45.90
62.00 55.43 76.91 72.35 51.57 43.48 45.90
63.00 55.43 76.91 72.35 51.57 43.48 45.90
64.00 55.43 76.91 72.35 51.57 43.48 45.90
65.00 57.04 78.65 72.78 53.71 47.22 46.22
66.00 57.04 78.65 72.78 53.71 47.22 46.22
67.00 57.04 78.65 72.78 53.71 47.22 46.22
68.00 57.04 78.65 72.78 53.71 47.22 46.22
69.00 57.04 78.65 72.78 53.71 47.22 46.22
70.00 58.70 79.97 72.91 56.07 54.19 46.55
71.00 58.70 79.97 72.91 56.07 54.19 46.55
72.00 58.70 79.97 72.91 56.07 54.19 46.55
73.00 58.70 79.97 72.91 56.07 54.19 46.55
74.00 58.70 79.97 72.91 56.07 54.19 46.55
75.00 59.89 80.67 72.99 57.50 58.80 46.75
76.00 59.89 80.67 72.99 57.50 58.80 46.75
77.00 59.89 80.67 72.99 57.50 58.80 46.75
78.00 59.89 80.67 72.99 57.50 58.80 46.75
79.00 59.89 80.67 72.99 57.50 58.80 46.75
80.00 61.00 81.13 73.15 58.75 60.65 46.89
81.00 61.00 81.13 73.15 58.75 60.65 46.89
82.00 61.00 81.13 73.15 58.75 60.65 46.89
83.00 61.00 81.13 73.15 58.75 60.65 46.89
84.00 61.00 81.13 73.15 58.75 60.65 46.89
85.00 63.41 81.27 73.27 59.77 61.54 47.32
86.00 63.41 81.27 73.27 59.77 61.54 47.32
87.00 63.41 81.27 73.27 59.77 61.54 47.32
88.00 63.41 81.27 73.27 59.77 61.54 47.32
89.00 63.41 81.27 73.27 59.77 61.54 47.32
90.00 66.60 81.54 73.35 61.18 64.15 47.50
91.00 66.60 81.54 73.35 61.18 64.15 47.50
92.00 66.60 81.54 73.35 61.18 64.15 47.50
93.00 66.60 81.54 73.35 61.18 64.15 47.50
94.00 66.60 81.54 73.35 61.18 64.15 47.50
95.00 70.23 81.80 73.57 62.07 66.48 47.76
96.00 70.23 81.80 73.57 62.07 66.48 47.76
97.00 70.23 81.80 73.57 62.07 66.48 47.76
98.00 70.23 81.80 73.57 62.07 66.48 47.76
99.00 70.23 81.80 73.57 62.07 66.48 47.76
100.00 72.49 81.98 73.12 63.22 68.33 48.01
101.00 72.49 81.98 73.12 63.22 68.33 48.01
102.00 72.49 81.98 73.12 63.22 68.33 48.01
103.00 72.49 81.98 73.12 63.22 68.33 48.01
104.00 72.49 81.98 73.12 63.22 68.33 48.01
105.00 75.82 81.82 73.24 64.47 69.93 48.29
106.00 75.82 81.82 73.24 64.47 69.93 48.29
107.00 75.82 81.82 73.24 64.47 69.93 48.29
108.00 75.82 81.82 73.24 64.47 69.93 48.29
109.00 75.82 81.82 73.24 64.47 69.93 48.29
110.00 79.56 82.11 73.37 65.18 71.31 48.54
111.00 79.56 82.11 73.37 65.18 71.31 48.54
112.00 79.56 82.11 73.37 65.18 71.31 48.54
113.00 79.56 82.11 73.37 65.18 71.31 48.54
114.00 79.56 82.11 73.37 65.18 71.31 48.54
115.00 81.49 82.10 73.42 65.88 72.81 48.95
116.00 81.49 82.10 73.42 65.88 72.81 48.95
117.00 81.49 82.10 73.42 65.88 72.81 48.95
118.00 81.49 82.10 73.42 65.88 72.81 48.95
119.00 81.49 82.10 73.42 65.88 72.81 48.95
120.00 82.78 81.96 73.49 66.30 73.81 49.34
121.00 82.78 81.96 73.49 66.30 73.81 49.34
122.00 82.78 81.96 73.49 66.30 73.81 49.34
123.00 82.78 81.96 73.49 66.30 73.81 49.34
124.00 82.78 81.96 73.49 66.30 73.81 49.34
125.00 83.15 82.05 73.63 66.74 74.66 49.50
126.00 83.15 82.05 73.63 66.74 74.66 49.50
127.00 83.15 82.05 73.63 66.74 74.66 49.50
128.00 83.15 82.05 73.63 66.74 74.66 49.50
129.00 83.15 82.05 73.63 66.74 74.66 49.50
130.00 83.41 82.14 73.74 66.79 75.27 49.99
131.00 83.41 82.14 73.74 66.79 75.27 49.99
132.00 83.41 82.14 73.74 66.79 75.27 49.99
133.00 83.41 82.14 73.74 66.79 75.27 49.99
134.00 83.41 82.14 73.74 66.79 75.27 49.99
135.00 83.74 82.08 73.82 67.38 76.04 50.20
136.00 83.74 82.08 73.82 67.38 76.04 50.20
137.00 83.74 82.08 73.82 67.38 76.04 50.20
138.00 83.74 82.08 73.82 67.38 76.04 50.20
139.00 83.74 82.08 73.82 67.38 76.04 50.20
140.00 83.90 81.16 73.80 67.47 76.48 50.32
141.00 83.90 81.16 73.80 67.47 76.48 50.32
142.00 83.90 81.16 73.80 67.47 76.48 50.32
143.00 83.90 81.16 73.80 67.47 76.48 50.32
144.00 83.90 81.16 73.80 67.47 76.48 50.32
145.00 83.96 81.46 73.84 67.80 76.87 51.01
146.00 83.96 81.46 73.84 67.80 76.87 51.01
147.00 83.96 81.46 73.84 67.80 76.87 51.01
148.00 83.96 81.46 73.84 67.80 76.87 51.01
149.00 83.96 81.46 73.84 67.80 76.87 51.01
150.00 84.20 81.57 73.95 68.29 77.60 51.26
151.00 84.20 81.57 73.95 68.29 77.60 51.26
152.00 84.20 81.57 73.95 68.29 77.60 51.26
153.00 84.20 81.57 73.95 68.29 77.60 51.26
154.00 84.20 81.57 73.95 68.29 77.60 51.26
155.00 84.36 81.80 73.89 68.57 78.26 51.61
156.00 84.36 81.80 73.89 68.57 78.26 51.61
157.00 84.36 81.80 73.89 68.57 78.26 51.61
158.00 84.36 81.80 73.89 68.57 78.26 51.61
159.00 84.36 81.80 73.89 68.57 78.26 51.61
160.00 84.48 81.86 73.88 68.90 78.49 51.88
161.00 84.48 81.86 73.88 68.90 78.49 51.88
162.00 84.48 81.86 73.88 68.90 78.49 51.88
163.00 84.48 81.86 73.88 68.90 78.49 51.88
164.00 84.48 81.86 73.88 68.90 78.49 51.88
165.00 84.60 82.07 73.90 69.20 79.07 52.36
166.00 84.60 82.07 73.90 69.20 79.07 52.36
167.00 84.60 82.07 73.90 69.20 79.07 52.36
168.00 84.60 82.07 73.90 69.20 79.07 52.36
169.00 84.60 82.07 73.90 69.20 79.07 52.36
170.00 84.77 82.13 73.92 69.32 79.33 52.51
171.00 84.77 82.13 73.92 69.32 79.33 52.51
172.00 84.77 82.13 73.92 69.32 79.33 52.51
173.00 84.77 82.13 73.92 69.32 79.33 52.51
174.00 84.77 82.13 73.92 69.32 79.33 52.51
175.00 84.82 82.11 73.85 69.63 79.44 52.99
176.00 84.82 82.11 73.85 69.63 79.44 52.99
177.00 84.82 82.11 73.85 69.63 79.44 52.99
178.00 84.82 82.11 73.85 69.63 79.44 52.99
179.00 84.82 82.11 73.85 69.63 79.44 52.99
180.00 84.93 82.19 73.88 69.70 79.66 53.24
181.00 84.93 82.19 73.88 69.70 79.66 53.24
182.00 84.93 82.19 73.88 69.70 79.66 53.24
183.00 84.93 82.19 73.88 69.70 79.66 53.24
184.00 84.93 82.19 73.88 69.70 79.66 53.24
185.00 85.03 82.07 73.81 69.69 79.92 53.34
186.00 85.03 82.07 73.81 69.69 79.92 53.34
187.00 85.03 82.07 73.81 69.69 79.92 53.34
188.00 85.03 82.07 73.81 69.69 79.92 53.34
189.00 85.03 82.07 73.81 69.69 79.92 53.34
190.00 85.09 81.94 73.83 70.11 80.01 53.44
191.00 85.09 81.94 73.83 70.11 80.01 53.44
192.00 85.09 81.94 73.83 70.11 80.01 53.44
193.00 85.09 81.94 73.83 70.11 80.01 53.44
194.00 85.09 81.94 73.83 70.11 80.01 53.44
195.00 85.15 82.05 73.89 70.29 80.55 54.10
196.00 85.15 82.05 73.89 70.29 80.55 54.10
197.00 85.15 82.05 73.89 70.29 80.55 54.10
198.00 85.15 82.05 73.89 70.29 80.55 54.10
199.00 85.15 82.05 73.89 70.29 80.55 54.10
200.00 85.21 82.10 73.80 70.15 80.57 54.39
201.00 85.21 82.10 73.80 70.15 80.57 54.39
202.00 85.21 82.10 73.80 70.15 80.57 54.39
203.00 85.21 82.10 73.80 70.15 80.57 54.39
204.00 85.21 82.10 73.80 70.15 80.57 54.39
205.00 85.19 82.05 73.74 70.70 80.58 54.89
206.00 85.19 82.05 73.74 70.70 80.58 54.89
207.00 85.19 82.05 73.74 70.70 80.58 54.89
208.00 85.19 82.05 73.74 70.70 80.58 54.89
209.00 85.19 82.05 73.74 70.70 80.58 54.89
210.00 85.24 82.15 73.85 70.66 80.80 55.29
211.00 85.24 82.15 73.85 70.66 80.80 55.29
212.00 85.24 82.15 73.85 70.66 80.80 55.29
213.00 85.24 82.15 73.85 70.66 80.80 55.29
214.00 85.24 82.15 73.85 70.66 80.80 55.29
215.00 85.21 82.11 73.74 71.04 81.08 55.41
216.00 85.21 82.11 73.74 71.04 81.08 55.41
217.00 85.21 82.11 73.74 71.04 81.08 55.41
218.00 85.21 82.11 73.74 71.04 81.08 55.41
219.00 85.21 82.11 73.74 71.04 81.08 55.41
220.00 85.26 82.10 73.73 70.85 81.10 55.89
221.00 85.26 82.10 73.73 70.85 81.10 55.89
222.00 85.26 82.10 73.73 70.85 81.10 55.89
223.00 85.26 82.10 73.73 70.85 81.10 55.89
224.00 85.26 82.10 73.73 70.85 81.10 55.89
225.00 85.31 82.16 73.78 70.98 81.12 56.10
226.00 85.31 82.16 73.78 70.98 81.12 56.10
227.00 85.31 82.16 73.78 70.98 81.12 56.10
228.00 85.31 82.16 73.78 70.98 81.12 56.10
229.00 85.31 82.16 73.78 70.98 81.12 56.10
230.00 85.27 82.01 72.82 71.16 81.47 56.36
231.00 85.27 82.01 72.82 71.16 81.47 56.36
232.00 85.27 82.01 72.82 71.16 81.47 56.36
233.00 85.27 82.01 72.82 71.16 81.47 56.36
234.00 85.27 82.01 72.82 71.16 81.47 56.36
235.00 85.31 82.10 72.92 70.96 81.55 56.60
236.00 85.31 82.10 72.92 70.96 81.55 56.60
237.00 85.31 82.10 72.92 70.96 81.55 56.60
238.00 85.31 82.10 72.92 70.96 81.55 56.60
239.00 85.31 82.10 72.92 70.96 81.55 56.60
240.00 85.33 82.24 73.01 71.02 81.96 57.13
241.00 85.33 82.24 73.01 71.02 81.96 57.13
242.00 85.33 82.24 73.01 71.02 81.96 57.13
243.00 85.33 82.24 73.01 71.02 81.96 57.13
244.00 85.33 82.24 73.01 71.02 81.96 57.13
245.00 85.32 82.06 73.18 70.99 82.02 57.28
246.00 85.32 82.06 73.18 70.99 82.02 57.28
247.00 85.32 82.06 73.18 70.99 82.02 57.28
248.00 85.32 82.06 73.18 70.99 82.02 57.28
249.00 85.32 82.06 73.18 70.99 82.02 57.28
250.00 85.33 82.17 73.17 71.20 82.02 57.53
251.00 85.33 82.17 73.17 71.20 82.02 57.53
252.00 85.33 82.17 73.17 71.20 82.02 57.53
253.00 85.33 82.17 73.17 71.20 82.02 57.53
254.00 85.33 82.17 73.17 71.20 82.02 57.53
255.00 85.35 82.21 73.28 71.01 82.06 57.98
256.00 85.35 82.21 73.28 71.01 82.06 57.98
257.00 85.35 82.21 73.28 71.01 82.06 57.98
258.00 85.35 82.21 73.28 71.01 82.06 57.98
259.00 85.35 82.21 73.28 71.01 82.06 57.98
260.00 85.35 82.14 73.37 70.93 82.33 58.18
261.00 85.35 82.14 73.37 70.93 82.33 58.18
262.00 85.35 82.14 73.37 70.93 82.33 58.18
263.00 85.35 82.14 73.37 70.93 82.33 58.18
264.00 85.35 82.14 73.37 70.93 82.33 58.18
265.00 85.32 81.99 73.41 70.88 82.20 58.78
266.00 85.32 81.99 73.41 70.88 82.20 58.78
267.00 85.32 81.99 73.41 70.88 82.20 58.78
268.00 85.32 81.99 73.41 70.88 82.20 58.78
269.00 85.32 81.99 73.41 70.88 82.20 58.78
270.00 85.35 81.12 73.48 70.95 82.30 59.34
271.00 85.35 81.12 73.48 70.95 82.30 59.34
272.00 85.35 81.12 73.48 70.95 82.30 59.34
273.00 85.35 81.12 73.48 70.95 82.30 59.34
274.00 85.35 81.12 73.48 70.95 82.30 59.34
275.00 85.34 81.37 73.21 70.84 82.59 59.49
276.00 85.34 81.37 73.21 70.84 82.59 59.49
277.00 85.34 81.37 73.21 70.84 82.59 59.49
278.00 85.34 81.37 73.21 70.84 82.59 59.49
279.00 85.34 81.37 73.21 70.84 82.59 59.49
280.00 85.34 81.54 73.31 71.14 82.42 59.70
281.00 85.34 81.54 73.31 71.14 82.42 59.70
282.00 85.34 81.54 73.31 71.14 82.42 59.70
283.00 85.34 81.54 73.31 71.14 82.42 59.70
284.00 85.34 81.54 73.31 71.14 82.42 59.70
285.00 85.37 81.75 73.44 71.01 83.05 60.18
286.00 85.37 81.75 73.44 71.01 83.05 60.18
287.00 85.37 81.75 73.44 71.01 83.05 60.18
288.00 85.37 81.75 73.44 71.01 83.05 60.18
289.00 85.37 81.75 73.44 71.01 83.05 60.18
290.00 85.33 81.88 73.46 70.94 83.06 60.26
291.00 85.33 81.88 73.46 70.94 83.06 60.26
292.00 85.33 81.88 73.46 70.94 83.06 60.26
293.00 85.33 81.88 73.46 70.94 83.06 60.26
294.00 85.33 81.88 73.46 70.94 83.06 60.26
295.00 84.47 81.93 73.47 70.83 82.87 60.35
296.00 84.47 81.93 73.47 70.83 82.87 60.35
297.00 84.47 81.93 73.47 70.83 82.87 60.35
298.00 84.47 81.93 73.47 70.83 82.87 60.35
299.00 84.47 81.93 73.47 70.83 82.87 60.35
300.00 84.54 82.04 73.48 70.88 82.92 60.51
301.00 84.54 82.04 73.48 70.88 82.92 60.51
302.00 84.54 82.04 73.48 70.88 82.92 60.51
303.00 84.54 82.04 73.48 70.88 82.92 60.51
304.00 84.54 82.04 73.48 70.88 82.92 60.51
305.00 84.63 81.96 73.31 70.66 83.07 60.71
306.00 84.63 81.96 73.31 70.66 83.07 60.71
307.00 84.63 81.96 73.31 70.66 83.07 60.71
308.00 84.63 81.96 73.31 70.66 83.07 60.71
309.00 84.63 81.96 73.31 70.66 83.07 60.71
310.00 84.65 81.97 73.31 70.78 83.15 61.18
311.00 84.65 81.97 73.31 70.78 83.15 61.18
312.00 84.65 81.97 73.31 70.78 83.15 61.18
313.00 84.65 81.97 73.31 70.78 83.15 61.18
314.00 84.65 81.97 73.31 70.78 83.15 61.18
315.00 84.77 82.07 73.43 70.88 83.34 61.58
316.00 84.77 82.07 73.43 70.88 83.34 61.58
317.00 84.77 82.07 73.43 70.88 83.34 61.58
318.00 84.77 82.07 73.43 70.88 83.34 61.58
319.00 84.77 82.07 73.43 70.88 83.34 61.58
320.00 84.85 82.00 73.36 71.01 83.39 61.96
321.00 84.85 82.00 73.36 71.01 83.39 61.96
322.00 84.85 82.00 73.36 71.01 83.39 61.96
323.00 84.85 82.00 73.36 71.01 83.39 61.96
324.00 84.85 82.00 73.36 71.01 83.39 61.96
325.00 84.89 81.87 73.31 70.85 83.26 62.27
326.00 84.89 81.87 73.31 70.85 83.26 62.27
327.00 84.89 81.87 73.31 70.85 83.26 62.27
328.00 84.89 81.87 73.31 70.85 83.26 62.27
329.00 84.89 81.87 73.31 70.85 83.26 62.27
330.00 84.96 82.20 73.41 71.02 83.22 62.66
331.00 84.96 82.20 73.41 71.02 83.22 62.66
332.00 84.96 82.20 73.41 71.02 83.22 62.66
333.00 84.96 82.20 73.41 71.02 83.22 62.66
334.00 84.96 82.20 73.41 71.02 83.22 62.66
335.00 84.94 81.97 73.38 70.93 83.35 62.78
336.00 84.94 81.97 73.38 70.93 83.35 62.78
337.00 84.94 81.97 73.38 70.93 83.35 62.78
338.00 84.94 81.97 73.38 70.93 83.35 62.78
339.00 84.94 81.97 73.38 70.93 83.35 62.78
340.00 84.98 81.98 73.35 70.93 83.29 63.19
341.00 84.98 81.98 73.35 70.93 83.29 63.19
342.00 84.98 81.98 73.35 70.93 83.29 63.19
343.00 84.98 81.98 73.35 70.93 83.29 63.19
344.00 84.98 81.98 73.35 70.93 83.29 63.19
345.00 84.99 82.14 73.40 70.87 83.62 63.34
346.00 84.99 82.14 73.40 70.87 83.62 63.34
347.00 84.99 82.14 73.40 70.87 83.62 63.34
348.00 84.99 82.14 73.40 70.87 83.62 63.34
349.00 84.99 82.14 73.40 70.87 83.62 63.34
350.00 85.03 81.88 73.39 71.08 83.44 63.52
351.00 85.03 81.88 73.39 71.08 83.44 63.52
352.00 85.03 81.88 73.39 71.08 83.44 63.52
353.00 85.03 81.88 73.39 71.08 83.44 63.52
354.00 85.03 81.88 73.39 71.08 83.44 63.52
355.00 84.77 81.84 72.13 70.69 83.40 63.77
356.00 84.77 81.84 72.13 70.69 83.40 63.77
357.00 84.77 81.84 72.13 70.69 83.40 63.77
358.00 84.77 81.84 72.13 70.69 83.40 63.77
359.00 84.77 81.84 72.13 70.69 83.40 63.77
360.00 84.97 81.92 72.22 70.99 83.32 64.14
361.00 84.97 81.92 72.22 70.99 83.32 64.14
362.00 84.97 81.92 72.22 70.99 83.32 64.14
363.00 84.97 81.92 72.22 70.99 83.32 64.14
364.00 84.97 81.92 72.22 70.99 83.32 64.14
365.00 85.03 81.84 72.45 70.89 83.50 64.13
366.00 85.03 81.84 72.45 70.89 83.50 64.13
367.00 85.03 81.84 72.45 70.89 83.50 64.13
368.00 85.03 81.84 72.45 70.89 83.50 64.13
369.00 85.03 81.84 72.45 70.89 83.50 64.13
370.00 85.05 81.78 72.58 70.98 83.46 64.34
371.00 85.05 81.78 72.58 70.98 83.46 64.34
372.00 85.05 81.78 72.58 70.98 83.46 64.34
373.00 85.05 81.78 72.58 70.98 83.46 64.34
374.00 85.05 81.78 72.58 70.98 83.46 64.34
375.00 85.07 81.91 72.65 70.82 83.41 64.71
376.00 85.07 81.91 72.65 70.82 83.41 64.71
377.00 85.07 81.91 72.65 70.82 83.41 64.71
378.00 85.07 81.91 72.65 70.82 83.41 64.71
379.00 85.07 81.91 72.65 70.82 83.41 64.71
380.00 85.05 81.93 72.79 70.55 83.49 64.82
381.00 85.05 81.93 72.79 70.55 83.49 64.82
382.00 85.05 81.93 72.79 70.55 83.49 64.82
383.00 85.05 81.93 72.79 70.55 83.49 64.82
384.00 85.05 81.93 72.79 70.55 83.49 64.82
385.00 85.06 81.92 72.88 70.73 83.51 65.00
386.00 85.06 81.92 72.88 70.73 83.51 65.00
387.00 85.06 81.92 72.88 70.73 83.51 65.00
388.00 85.06 81.92 72.88 70.73 83.51 65.00
389.00 85.06 81.92 72.88 70.73 83.51 65.00
390.00 85.11 81.89 72.99 70.88 83.54 65.33
391.00 85.11 81.89 72.99 70.88 83.54 65.33
392.00 85.11 81.89 72.99 70.88 83.54 65.33
393.00 85.11 81.89 72.99 70.88 83.54 65.33
394.00 85.11 81.89 72.99 70.88 83.54 65.33
395.00 85.14 80.84 73.05 70.89 83.71 65.32
396.00 85.14 80.84 73.05 70.89 83.71 65.32
397.00 85.14 80.84 73.05 70.89 83.71 65.32
398.00 85.14 80.84 73.05 70.89 83.71 65.32
399.00 85.14 80.84 73.05 70.89 83.71 65.32
400.00 85.14 81.03 73.06 70.67 83.74 65.74
401.00 85.14 81.03 73.06 70.67 83.74 65.74
402.00 85.14 81.03 73.06 70.67 83.74 65.74
403.00 85.14 81.03 73.06 70.67 83.74 65.74
404.00 85.14 81.03 73.06 70.67 83.74 65.74
405.00 85.20 81.35 73.13 70.78 83.66 66.06
406.00 85.20 81.35 73.13 70.78 83.66 66.06
407.00 85.20 81.35 73.13 70.78 83.66 66.06
408.00 85.20 81.35 73.13 70.78 83.66 66.06
409.00 85.20 81.35 73.13 70.78 83.66 66.06
410.00 85.18 81.59 73.09 70.56 83.70 66.04
411.00 85.18 81.59 73.09 70.56 83.70 66.04
412.00 85.18 81.59 73.09 70.56 83.70 66.04
413.00 85.18 81.59 73.09 70.56 83.70 66.04
414.00 85.18 81.59 73.09 70.56 83.70 66.04
415.00 85.13 81.51 73.05 70.87 83.73 66.09
416.00 85.13 81.51 73.05 70.87 83.73 66.09
417.00 85.13 81.51 73.05 70.87 83.73 66.09
418.00 85.13 81.51 73.05 70.87 83.73 66.09
419.00 85.13 81.51 73.05 70.87 83.73 66.09
420.00 84.10 81.66 73.12 70.70 83.71 66.17
421.00 84.10 81.66 73.12 70.70 83.71 66.17
422.00 84.10 81.66 73.12 70.70 83.71 66.17
423.00 84.10 81.66 73.12 70.70 83.71 66.17
424.00 84.10 81.66 73.12 70.70 83.71 66.17
425.00 84.22 81.62 73.10 70.66 83.93 66.58
426.00 84.22 81.62 73.10 70.66 83.93 66.58
427.00 84.22 81.62 73.10 70.66 83.93 66.58
428.00 84.22 81.62 73.10 70.66 83.93 66.58
429.00 84.22 81.62 73.10 70.66 83.93 66.58
430.00 84.30 81.77 73.04 70.82 83.71 66.48
431.00 84.30 81.77 73.04 70.82 83.71 66.48
432.00 84.30 81.77 73.04 70.82 83.71 66.48
433.00 84.30 81.77 73.04 70.82 83.71 66.48
434.00 84.30 81.77 73.04 70.82 83.71 66.48
435.00 84.34 81.85 73.09 70.66 84.26 66.75
436.00 84.34 81.85 73.09 70.66 84.26 66.75
437.00 84.34 81.85 73.09 70.66 84.26 66.75
438.00 84.34 81.85 73.09 70.66 84.26 66.75
439.00 84.34 81.85 73.09 70.66 84.26 66.75
440.00 84.42 81.53 73.04 70.59 83.99 66.61
441.00 84.42 81.53 73.04 70.59 83.99 66.61
442.00 84.42 81.53 73.04 70.59 83.99 66.61
443.00 84.42 81.53 73.04 70.59 83.99 66.61
444.00 84.42 81.53 73.04 70.59 83.99 66.61
445.00 84.48 81.66 73.02 70.80 83.87 66.90
446.00 84.48 81.66 73.02 70.80 83.87 66.90
447.00 84.48 81.66 73.02 70.80 83.87 66.90
448.00 84.48 81.66 73.02 70.80 83.87 66.90
449.00 84.48 81.66 73.02 70.80 83.87 66.90
450.00 84.56 81.76 73.09 70.71 84.00 67.26
451.00 84.56 81.76 73.09 70.71 84.00 67.26
452.00 84.56 81.76 73.09 70.71 84.00 67.26
453.00 84.56 81.76 73.09 70.71 84.00 67.26
454.00 84.56 81.76 73.09 70.71 84.00 67.26
455.00 84.59 81.62 73.05 70.64 84.10 67.36
456.00 84.59 81.62 73.05 70.64 84.10 67.36
457.00 84.59 81.62 73.05 70.64 84.10 67.36
458.00 84.59 81.62 73.05 70.64 84.10 67.36
459.00 84.59 81.62 73.05 70.64 84.10 67.36
460.00 84.70 81.65 73.14 70.84 83.79 67.43
461.00 84.70 81.65 73.14 70.84 83.79 67.43
462.00 84.70 81.65 73.14 70.84 83.79 67.43
463.00 84.70 81.65 73.14 70.84 83.79 67.43
464.00 84.70 81.65 73.14 70.84 83.79 67.43
465.00 84.81 81.76 73.10 71.15 84.48 67.60
466.00 84.81 81.76 73.10 71.15 84.48 67.60
467.00 84.81 81.76 73.10 71.15 84.48 67.60
468.00 84.81 81.76 73.10 71.15 84.48 67.60
469.00 84.81 81.76 73.10 71.15 84.48 67.60
470.00 84.80 81.71 73.07 71.11 84.24 67.53
471.00 84.80 81.71 73.07 71.11 84.24 67.53
472.00 84.80 81.71 73.07 71.11 84.24 67.53
473.00 84.80 81.71 73.07 71.11 84.24 67.53
474.00 84.80 81.71 73.07 71.11 84.24 67.53
475.00 84.79 81.50 73.10 71.37 84.20 68.01
476.00 84.79 81.50 73.10 71.37 84.20 68.01
477.00 84.79 81.50 73.10 71.37 84.20 68.01
478.00 84.79 81.50 73.10 71.37 84.20 68.01
479.00 84.79 81.50 73.10 71.37 84.20 68.01
480.00 84.81 81.68 73.01 71.54 84.12 68.32
481.00 84.81 81.68 73.01 71.54 84.12 68.32
482.00 84.81 81.68 73.01 71.54 84.12 68.32
483.00 84.81 81.68 73.01 71.54 84.12 68.32
484.00 84.81 81.68 73.01 71.54 84.12 68.32
485.00 84.80 81.57 71.91 71.62 84.25 68.36
486.00 84.80 81.57 71.91 71.62 84.25 68.36
487.00 84.80 81.57 71.91 71.62 84.25 68.36
488.00 84.80 81.57 71.91 71.62 84.25 68.36
489.00 84.80 81.57 71.91 71.62 84.25 68.36
490.00 84.84 81.56 71.99 71.55 84.21 68.76
491.00 84.84 81.56 71.99 71.55 84.21 68.76
492.00 84.84 81.56 71.99 71.55 84.21 68.76
493.00 84.84 81.56 71.99 71.55 84.21 68.76
494.00 84.84 81.56 71.99 71.55 84.21 68.76
495.00 84.88 81.71 72.22 71.59 84.53 68.68
496.00 84.88 81.71 72.22 71.59 84.53 68.68
497.00 84.88 81.71 72.22 71.59 84.53 68.68
498.00 84.88 81.71 72.22 71.59 84.53 68.68
499.00 84.88 81.71 72.22 71.59 84.53 68.68
500.00 84.82 81.66 72.38 71.55 84.35 68.85
501.00 84.82 81.66 72.38 71.55 84.35 68.85
502.00 84.82 81.66 72.38 71.55 84.35 68.85
503.00 84.82 81.66 72.38 71.55 84.35 68.85
504.00 84.82 81.66 72.38 71.55 84.35 68.85
505.00 84.86 81.55 72.52 71.62 84.20 69.20
506.00 84.86 81.55 72.52 71.62 84.20 69.20
507.00 84.86 81.55 72.52 71.62 84.20 69.20
508.00 84.86 81.55 72.52 71.62 84.20 69.20
509.00 84.86 81.55 72.52 71.62 84.20 69.20
510.00 84.97 81.74 72.63 71.58 84.26 69.31
511.00 84.97 81.74 72.63 71.58 84.26 69.31
512.00 84.97 81.74 72.63 71.58 84.26 69.31
513.00 84.97 81.74 72.63 71.58 84.26 69.31
514.00 84.97 81.74 72.63 71.58 84.26 69.31
515.00 84.82 81.66 72.70 71.68 84.47 69.19
516.00 84.82 81.66 72.70 71.68 84.47 69.19
517.00 84.82 81.66 72.70 71.68 84.47 69.19
518.00 84.82 81.66 72.70 71.68 84.47 69.19
519.00 84.82 81.66 72.70 71.68 84.47 69.19
520.00 84.86 81.64 72.77 71.58 84.35 69.71
521.00 84.86 81.64 72.77 71.58 84.35 69.71
522.00 84.86 81.64 72.77 71.58 84.35 69.71
523.00 84.86 81.64 72.77 71.58 84.35 69.71
524.00 84.86 81.64 72.77 71.58 84.35 69.71
525.00 84.86 80.86 72.63 71.67 84.35 69.84
526.00 84.86 80.86 72.63 71.67 84.35 69.84
527.00 84.86 80.86 72.63 71.67 84.35 69.84
528.00 84.86 80.86 72.63 71.67 84.35 69.84
529.00 84.86 80.86 72.63 71.67 84.35 69.84
530.00 84.81 81.14 72.69 71.66 84.41 69.78
531.00 84.81 81.14 72.69 71.66 84.41 69.78
532.00 84.81 81.14 72.69 71.66 84.41 69.78
533.00 84.81 81.14 72.69 71.66 84.41 69.78
534.00 84.81 81.14 72.69 71.66 84.41 69.78
535.00 84.80 81.07 72.66 71.69 84.36 69.83
536.00 84.80 81.07 72.66 71.69 84.36 69.83
537.00 84.80 81.07 72.66 71.69 84.36 69.83
538.00 84.80 81.07 72.66 71.69 84.36 69.83
539.00 84.80 81.07 72.66 71.69 84.36 69.83
540.00 84.84 81.24 72.71 71.72 84.61 69.98
541.00 84.84 81.24 72.71 71.72 84.61 69.98
542.00 84.84 81.24 72.71 71.72 84.61 69.98
543.00 84.84 81.24 72.71 71.72 84.61 69.98
544.00 84.84 81.24 72.71 71.72 84.61 69.98
545.00 84.77 81.27 72.72 71.54 84.52 70.18
546.00 84.77 81.27 72.72 71.54 84.52 70.18
547.00 84.77 81.27 72.72 71.54 84.52 70.18
548.00 84.77 81.27 72.72 71.54 84.52 70.18
549.00 84.77 81.27 72.72 71.54 84.52 70.18
550.00 83.90 81.26 72.67 71.48 84.64 70.52
551.00 83.90 81.26 72.67 71.48 84.64 70.52
552.00 83.90 81.26 72.67 71.48 84.64 70.52
553.00 83.90 81.26 72.67 71.48 84.64 70.52
554.00 83.90 81.26 72.67 71.48 84.64 70.52
555.00 84.02 81.47 72.72 71.46 84.43 70.89
556.00 84.02 81.47 72.72 71.46 84.43 70.89
557.00 84.02 81.47 72.72 71.46 84.43 70.89
558.00 84.02 81.47 72.72 71.46 84.43 70.89
559.00 84.02 81.47 72.72 71.46 84.43 70.89
560.00 84.05 81.32 72.67 71.43 84.52 70.94
561.00 84.05 81.32 72.67 71.43 84.52 70.94
562.00 84.05 81.32 72.67 71.43 84.52 70.94
563.00 84.05 81.32 72.67 71.43 84.52 70.94
564.00 84.05 81.32 72.67 71.43 84.52 70.94
565.00 84.13 81.24 72.68 71.38 84.42 70.98
566.00 84.13 81.24 72.68 71.38 84.42 70.98
567.00 84.13 81.24 72.68 71.38 84.42 70.98
568.00 84.13 81.24 72.68 71.38 84.42 70.98
569.00 84.13 81.24 72.68 71.38 84.42 70.98
570.00 84.24 81.47 72.68 71.35 84.50 71.10
571.00 84.24 81.47 72.68 71.35 84.50 71.10
572.00 84.24 81.47 72.68 71.35 84.50 71.10
573.00 84.24 81.47 72.68 71.35 84.50 71.10
574.00 84.24 81.47 72.68 71.35 84.50 71.10
575.00 84.23 81.43 72.71 71.26 84.56 71.08
576.00 84.23 81.43 72.71 71.26 84.56 71.08
577.00 84.23 81.43 72.71 71.26 84.56 71.08
578.00 84.23 81.43 72.71 71.26 84.56 71.08
579.00 84.23 81.43 72.71 71.26 84.56 71.08
580.00 84.27 81.30 72.68 71.34 84.43 71.52
581.00 84.27 81.30 72.68 71.34 84.43 71.52
582.00 84.27 81.30 72.68 71.34 84.43 71.52
583.00 84.27 81.30 72.68 71.34 84.43 71.52
584.00 84.27 81.30 72.68 71.34 84.43 71.52
585.00 84.32 81.39 72.71 71.39 84.89 71.54
586.00 84.32 81.39 72.71 71.39 84.89 71.54
587.00 84.32 81.39 72.71 71.39 84.89 71.54
588.00 84.32 81.39 72.71 71.39 84.89 71.54
589.00 84.32 81.39 72.71 71.39 84.89 71.54
590.00 84.31 81.32 72.65 71.36 84.78 71.61
591.00 84.31 81.32 72.65 71.36 84.78 71.61
592.00 84.31 81.32 72.65 71.36 84.78 71.61
593.00 84.31 81.32 72.65 71.36 84.78 71.61
594.00 84.31 81.32 72.65 71.36 84.78 71.61
595.00 84.35 81.23 72.63 71.49 84.52 71.66
596.00 84.35 81.23 72.63 71.49 84.52 71.66
597.00 84.35 81.23 72.63 71.49 84.52 71.66
598.00 84.35 81.23 72.63 71.49 84.52 71.66
599.00 84.35 81.23 72.63 71.49 84.52 71.66
600.00 84.45 81.41 72.69 71.53 84.71 71.96
601.00 84.45 81.41 72.69 71.53 84.71 71.96
602.00 84.45 81.41 72.69 71.53 84.71 71.96
603.00 84.45 81.41 72.69 71.53 84.71 71.96
604.00 84.45 81.41 72.69 71.53 84.71 71.96
605.00 84.25 81.27 72.66 71.42 84.51 71.89
606.00 84.25 81.27 72.66 71.42 84.51 71.89
607.00 84.25 81.27 72.66 71.42 84.51 71.89
608.00 84.25 81.27 72.66 71.42 84.51 71.89
609.00 84.25 81.27 72.66 71.42 84.51 71.89
610.00 84.31 81.19 72.60 71.40 84.29 71.92
611.00 84.31 81.19 72.60 71.40 84.29 71.92
612.00 84.31 81.19 72.60 71.40 84.29 71.92
613.00 84.31 81.19 72.60 71.40 84.29 71.92
614.00 84.31 81.19 72.60 71.40 84.29 71.92
615.00 84.34 81.27 71.65 71.44 84.39 72.04
616.00 84.34 81.27 71.65 71.44 84.39 72.04
617.00 84.34 81.27 71.65 71.44 84.39 72.04
618.00 84.34 81.27 71.65 71.44 84.39 72.04
619.00 84.34 81.27 71.65 71.44 84.39 72.04
620.00 84.38 81.26 71.79 71.49 84.55 71.81
621.00 84.38 81.26 71.79 71.49 84.55 71.81
622.00 84.38 81.26 71.79 71.49 84.55 71.81
623.00 84.38 81.26 71.79 71.49 84.55 71.81
624.00 84.38 81.26 71.79 71.49 84.55 71.81
625.00 84.39 81.14 71.85 71.50 84.47 72.16
626.00 84.39 81.14 71.85 71.50 84.47 72.16
627.00 84.39 81.14 71.85 71.50 84.47 72.16
628.00 84.39 81.14 71.85 71.50 84.47 72.16
629.00 84.39 81.14 71.85 71.50 84.47 72.16
630.00 84.43 81.36 71.91 71.47 84.60 72.18
631.00 84.43 81.36 71.91 71.47 84.60 72.18
632.00 84.43 81.36 71.91 71.47 84.60 72.18
633.00 84.43 81.36 71.91 71.47 84.60 72.18
634.00 84.43 81.36 71.91 71.47 84.60 72.18
635.00 84.42 81.33 72.60 71.38 84.60 72.04
636.00 84.42 81.33 72.60 71.38 84.60 72.04
637.00 84.42 81.33 72.60 71.38 84.60 72.04
638.00 84.42 81.33 72.60 71.38 84.60 72.04
639.00 84.42 81.33 72.60 71.38 84.60 72.04
640.00 84.46 81.26 72.63 71.53 84.61 72.38
641.00 84.46 81.26 72.63 71.53 84.61 72.38
642.00 84.46 81.26 72.63 71.53 84.61 72.38
643.00 84.46 81.26 72.63 71.53 84.61 72.38
644.00 84.46 81.26 72.63 71.53 84.61 72.38
645.00 84.49 81.20 72.72 71.57 84.27 72.30
646.00 84.49 81.20 72.72 71.57 84.27 72.30
647.00 84.49 81.20 72.72 71.57 84.27 72.30
648.00 84.49 81.20 72.72 71.57 84.27 72.30
649.00 84.49 81.20 72.72 71.57 84.27 72.30
650.00 84.39 81.10 72.68 71.47 84.35 72.28
651.00 84.39 81.10 72.68 71.47 84.35 72.28
652.00 84.39 81.10 72.68 71.47 84.35 72.28
653.00 84.39 81.10 72.68 71.47 84.35 72.28
654.00 84.39 81.10 72.68 71.47 84.35 72.28
655.00 84.41 80.33 72.61 71.44 84.22 72.60
656.00 84.41 80.33 72.61 71.44 84.22 72.60
657.00 84.41 80.33 72.61 71.44 84.22 72.60
658.00 84.41 80.33 72.61 71.44 84.22 72.60
659.00 84.41 80.33 72.61 71.44 84.22 72.60
660.00 84.44 80.63 72.65 71.62 84.26 72.55
661.00 84.44 80.63 72.65 71.62 84.26 72.55
662.00 84.44 80.63 72.65 71.62 84.26 72.55
663.00 84.44 80.63 72.65 71.62 84.26 72.55
664.00 84.44 80.63 72.65 71.62 84.26 72.55
665.00 84.41 80.71 72.51 71.47 84.40 72.52
666.00 84.41 80.71 72.51 71.47 84.40 72.52
667.00 84.41 80.71 72.51 71.47 84.40 72.52
668.00 84.41 80.71 72.51 71.47 84.40 72.52
669.00 84.41 80.71 72.51 71.47 84.40 72.52
670.00 84.40 80.79 72.60 71.71 84.27 72.55
671.00 84.40 80.79 72.60 71.71 84.27 72.55
672.00 84.40 80.79 72.60 71.71 84.27 72.55
673.00 84.40 80.79 72.60 71.71 84.27 72.55
674.00 84.40 80.79 72.60 71.71 84.27 72.55
675.00 84.44 80.97 72.60 71.54 84.64 72.78
676.00 84.44 80.97 72.60 71.54 84.64 72.78
677.00 84.44 80.97 72.60 71.54 84.64 72.78
678.00 84.44 80.97 72.60 71.54 84.64 72.78
679.00 84.44 80.97 72.60 71.54 84.64 72.78
680.00 83.56 81.06 72.55 71.50 84.42 72.72
681.00 83.56 81.06 72.55 71.50 84.42 72.72
682.00 83.56 81.06 72.55 71.50 84.42 72.72
683.00 83.56 81.06 72.55 71.50 84.42 72.72
684.00 83.56 81.06 72.55 71.50 84.42 72.72
685.00 83.66 81.08 72.52 71.56 84.28 72.67
686.00 83.66 81.08 72.52 71.56 84.28 72.67
687.00 83.66 81.08 72.52 71.56 84.28 72.67
688.00 83.66 81.08 72.52 71.56 84.28 72.67
689.00 83.66 81.08 72.52 71.56 84.28 72.67
690.00 83.71 80.84 72.53 71.44 84.43 72.80
691.00 83.71 80.84 72.53 71.44 84.43 72.80
692.00 83.71 80.84 72.53 71.44 84.43 72.80
693.00 83.71 80.84 72.53 71.44 84.43 72.80
694.00 83.71 80.84 72.53 71.44 84.43 72.80
695.00 83.76 80.87 72.46 71.22 84.22 72.82
696.00 83.76 80.87 72.46 71.22 84.22 72.82
697.00 83.76 80.87 72.46 71.22 84.22 72.82
698.00 83.76 80.87 72.46 71.22 84.22 72.82
699.00 83.76 80.87 72.46 71.22 84.22 72.82
700.00 83.79 80.89 72.52 71.39 84.09 73.20
701.00 83.79 80.89 72.52 71.39 84.09 73.20
702.00 83.79 80.89 72.52 71.39 84.09 73.20
703.00 83.79 80.89 72.52 71.39 84.09 73.20
704.00 83.79 80.89 72.52 71.39 84.09 73.20
705.00 83.89 81.01 72.52 71.48 84.08 73.15
706.00 83.89 81.01 72.52 71.48 84.08 73.15
707.00 83.89 81.01 72.52 71.48 84.08 73.15
708.00 83.89 81.01 72.52 71.48 84.08 73.15
709.00 83.89 81.01 72.52 71.48 84.08 73.15
710.00 84.00 80.86 72.47 71.26 84.19 73.26
711.00 84.00 80.86 72.47 71.26 84.19 73.26
712.00 84.00 80.86 72.47 71.26 84.19 73.26
713.00 84.00 80.86 72.47 71.26 84.19 73.26
714.00 84.00 80.86 72.47 71.26 84.19 73.26
715.00 84.05 80.90 72.50 71.50 84.12 72.94
716.00 84.05 80.90 72.50 71.50 84.12 72.94
717.00 84.05 80.90 72.50 71.50 84.12 72.94
718.00 84.05 80.90 72.50 71.50 84.12 72.94
719.00 84.05 80.90 72.50 71.50 84.12 72.94
720.00 84.10 81.07 72.46 71.51 84.08 73.21
721.00 84.10 81.07 72.46 71.51 84.08 73.21
722.00 84.10 81.07 72.46 71.51 84.08 73.21
723.00 84.10 81.07 72.46 71.51 84.08 73.21
724.00 84.10 81.07 72.46 71.51 84.08 73.21
725.00 84.07 80.89 72.39 71.37 84.02 73.17
726.00 84.07 80.89 72.39 71.37 84.02 73.17
727.00 84.07 80.89 72.39 71.37 84.02 73.17
728.00 84.07 80.89 72.39 71.37 84.02 73.17
729.00 84.07 80.89 72.39 71.37 84.02 73.17
730.00 84.15 80.92 72.45 71.38 83.84 73.24
731.00 84.15 80.92 72.45 71.38 83.84 73.24
732.00 84.15 80.92 72.45 71.38 83.84 73.24
733.00 84.15 80.92 72.45 71.38 83.84 73.24
734.00 84.15 80.92 72.45 71.38 83.84 73.24
735.00 84.13 81.05 72.38 71.49 83.98 73.45
736.00 84.13 81.05 72.38 71.49 83.98 73.45
737.00 84.13 81.05 72.38 71.49 83.98 73.45
738.00 84.13 81.05 72.38 71.49 83.98 73.45
739.00 84.13 81.05 72.38 71.49 83.98 73.45
740.00 84.18 81.04 71.40 71.29 84.14 73.29
741.00 84.18 81.04 71.40 71.29 84.14 73.29
742.00 84.18 81.04 71.40 71.29 84.14 73.29
743.00 84.18 81.04 71.40 71.29 84.14 73.29
744.00 84.18 81.04 71.40 71.29 84.14 73.29
745.00 84.17 80.91 71.49 71.39 84.04 73.98
746.00 84.17 80.91 71.49 71.39 84.04 73.98
747.00 84.17 80.91 71.49 71.39 84.04 73.98
748.00 84.17 80.91 71.49 71.39 84.04 73.98
749.00 84.17 80.91 71.49 71.39 84.04 73.98
750.00 84.14 81.00 71.62 71.59 84.00 73.77
751.00 84.14 81.00 71.62 71.59 84.00 73.77
752.00 84.14 81.00 71.62 71.59 84.00 73.77
753.00 84.14 81.00 71.62 71.59 84.00 73.77
754.00 84.14 81.00 71.62 71.59 84.00 73.77
755.00 84.07 80.91 71.73 71.50 84.22 73.71
756.00 84.07 80.91 71.73 71.50 84.22 73.71
757.00 84.07 80.91 71.73 71.50 84.22 73.71
758.00 84.07 80.91 71.73 71.50 84.22 73.71
759.00 84.07 80.91 71.73 71.50 84.22 73.71
760.00 84.12 80.87 71.83 71.42 84.02 73.84
761.00 84.12 80.87 71.83 71.42 84.02 73.84
762.00 84.12 80.87 71.83 71.42 84.02 73.84
763.00 84.12 80.87 71.83 71.42 84.02 73.84
764.00 84.12 80.87 71.83 71.42 84.02 73.84
765.00 84.16 80.82 72.01 71.49 83.92 73.98
766.00 84.16 80.82 72.01 71.49 83.92 73.98
767.00 84.16 80.82 72.01 71.49 83.92 73.98
768.00 84.16 80.82 72.01 71.49 83.92 73.98
769.00 84.16 80.82 72.01 71.49 83.92 73.98
770.00 84.13 80.83 72.12 71.42 84.05 73.84
771.00 84.13 80.83 72.12 71.42 84.05 73.84
772.00 84.13 80.83 72.12 71.42 84.05 73.84
773.00 84.13 80.83 72.12 71.42 84.05 73.84
774.00 84.13 80.83 72.12 71.42 84.05 73.84
775.00 84.14 80.86 72.01 71.42 83.98 74.20
776.00 84.14 80.86 72.01 71.42 83.98 74.20
777.00 84.14 80.86 72.01 71.42 83.98 74.20
778.00 84.14 80.86 72.01 71.42 83.98 74.20
779.00 84.14 80.86 72.01 71.42 83.98 74.20
780.00 84.10 79.84 72.05 71.58 84.04 74.05
781.00 84.10 79.84 72.05 71.58 84.04 74.05
782.00 84.10 79.84 72.05 71.58 84.04 74.05
783.00 84.10 79.84 72.05 71.58 84.04 74.05
784.00 84.10 79.84 72.05 71.58 84.04 74.05
785.00 84.02 80.04 72.16 71.45 83.97 74.02
786.00 84.02 80.04 72.16 71.45 83.97 74.02
787.00 84.02 80.04 72.16 71.45 83.97 74.02
788.00 84.02 80.04 72.16 71.45 83.97 74.02
789.00 84.02 80.04 72.16 71.45 83.97 74.02
790.00 84.06 80.33 72.23 71.36 83.86 74.16
791.00 84.06 80.33 72.23 71.36 83.86 74.16
792.00 84.06 80.33 72.23 71.36 83.86 74.16
793.00 84.06 80.33 72.23 71.36 83.86 74.16
794.00 84.06 80.33 72.23 71.36 83.86 74.16
795.00 84.01 80.48 72.28 71.51 83.86 74.60
796.00 84.01 80.48 72.28 71.51 83.86 74.60
797.00 84.01 80.48 72.28 71.51 83.86 74.60
798.00 84.01 80.48 72.28 71.51 83.86 74.60
799.00 84.01 80.48 72.28 71.51 83.86 74.60
800.00 84.00 80.54 72.19 71.40 83.89 74.10
801.00 84.00 80.54 72.19 71.40 83.89 74.10
802.00 84.00 80.54 72.19 71.40 83.89 74.10
803.00 84.00 80.54 72.19 71.40 83.89 74.10
804.00 84.00 80.54 72.19 71.40 83.89 74.10
805.00 83.11 80.52 72.30 72.00 83.70 74.74
806.00 83.11 80.52 72.30 72.00 83.70 74.74
807.00 83.11 80.52 72.30 72.00 83.70 74.74
808.00 83.11 80.52 72.30 72.00 83.70 74.74
809.00 83.11 80.52 72.30 72.00 83.70 74.74
810.00 83.27 80.64 72.22 71.57 83.82 74.47
811.00 83.27 80.64 72.22 71.57 83.82 74.47
812.00 83.27 80.64 72.22 71.57 83.82 74.47
813.00 83.27 80.64 72.22 71.57 83.82 74.47
814.00 83.27 80.64 72.22 71.57 83.82 74.47
815.00 83.32 80.67 72.13 71.47 83.95 74.16
816.00 83.32 80.67 72.13 71.47 83.95 74.16
817.00 83.32 80.67 72.13 71.47 83.95 74.16
818.00 83.32 80.67 72.13 71.47 83.95 74.16
819.00 83.32 80.67 72.13 71.47 83.95 74.16
820.00 83.42 80.61 72.23 71.65 83.66 74.35
821.00 83.42 80.61 72.23 71.65 83.66 74.35
822.00 83.42 80.61 72.23 71.65 83.66 74.35
823.00 83.42 80.61 72.23 71.65 83.66 74.35
824.00 83.42 80.61 72.23 71.65 83.66 74.35
825.00 83.47 80.78 72.16 71.34 84.08 74.58
826.00 83.47 80.78 72.16 71.34 84.08 74.58
827.00 83.47 80.78 72.16 71.34 84.08 74.58
828.00 83.47 80.78 72.16 71.34 84.08 74.58
829.00 83.47 80.78 72.16 71.34 84.08 74.58
830.00 83.54 80.67 72.13 71.41 83.77 74.71
831.00 83.54 80.67 72.13 71.41 83.77 74.71
832.00 83.54 80.67 72.13 71.41 83.77 74.71
833.00 83.54 80.67 72.13 71.41 83.77 74.71
834.00 83.54 80.67 72.13 71.41 83.77 74.71
835.00 83.57 80.44 72.22 71.36 83.85 74.50
836.00 83.57 80.44 72.22 71.36 83.85 74.50
837.00 83.57 80.44 72.22 71.36 83.85 74.50
838.00 83.57 80.44 72.22 71.36 83.85 74.50
839.00 83.57 80.44 72.22 71.36 83.85 74.50
840.00 83.68 80.55 72.20 71.44 83.66 74.64
841.00 83.68 80.55 72.20 71.44 83.66 74.64
842.00 83.68 80.55 72.20 71.44 83.66 74.64
843.00 83.68 80.55 72.20 71.44 83.66 74.64
844.00 83.68 80.55 72.20 71.44 83.66 74.64
845.00 83.70 80.60 72.10 71.22 83.74 74.32
846.00 83.70 80.60 72.10 71.22 83.74 74.32
847.00 83.70 80.60 72.10 71.22 83.74 74.32
848.00 83.70 80.60 72.10 71.22 83.74 74.32
849.00 83.70 80.60 72.10 71.22 83.74 74.32
850.00 83.72 80.40 72.19 71.46 83.54 74.76
851.00 83.72 80.40 72.19 71.46 83.54 74.76
852.00 83.72 80.40 72.19 71.46 83.54 74.76
853.00 83.72 80.40 72.19 71.46 83.54 74.76
854.00 83.72 80.40 72.19 71.46 83.54 74.76
855.00 83.83 80.49 72.15 71.48 83.91 74.68
856.00 83.83 80.49 72.15 71.48 83.91 74.68
857.00 83.83 80.49 72.15 71.48 83.91 74.68
858.00 83.83 80.49 72.15 71.48 83.91 74.68
859.00 83.83 80.49 72.15 71.48 83.91 74.68
860.00 83.62 80.50 72.06 71.53 83.65 74.51
861.00 83.62 80.50 72.06 71.53 83.65 74.51
862.00 83.62 80.50 72.06 71.53 83.65 74.51
863.00 83.62 80.50 72.06 71.53 83.65 74.51
864.00 83.62 80.50 72.06 71.53 83.65 74.51
865.00 83.70 80.51 72.14 71.26 83.66 74.45
866.00 83.70 80.51 72.14 71.26 83.66 74.45
867.00 83.70 80.51 72.14 71.26 83.66 74.45
868.00 83.70 80.51 72.14 71.26 83.66 74.45
869.00 83.70 80.51 72.14 71.26 83.66 74.45
870.00 83.68 80.52 71.21 71.53 83.62 74.50
871.00 83.68 80.52 71.21 71.53 83.62 74.50
872.00 83.68 80.52 71.21 71.53 83.62 74.50
873.00 83.68 80.52 71.21 71.53 83.62 74.50
874.00 83.68 80.52 71.21 71.53 83.62 74.50
875.00 83.64 80.40 71.33 71.40 83.62 74.42
876.00 83.64 80.40 71.33 71.40 83.62 74.42
877.00 83.64 80.40 71.33 71.40 83.62 74.42
878.00 83.64 80.40 71.33 71.40 83.62 74.42
879.00 83.64 80.40 71.33 71.40 83.62 74.42
880.00 83.68 80.44 71.45 71.46 83.46 74.51
881.00 83.68 80.44 71.45 71.46 83.46 74.51
882.00 83.68 80.44 71.45 71.46 83.46 74.51
883.00 83.68 80.44 71.45 71.46 83.46 74.51
884.00 83.68 80.44 71.45 71.46 83.46 74.51
885.00 83.65 80.38 71.50 71.32 83.88 74.73
886.00 83.65 80.38 71.50 71.32 83.88 74.73
887.00 83.65 80.38 71.50 71.32 83.88 74.73
888.00 83.65 80.38 71.50 71.32 83.88 74.73
889.00 83.65 80.38 71.50 71.32 83.88 74.73
890.00 83.60 80.40 71.58 71.31 83.66 74.58
891.00 83.60 80.40 71.58 71.31 83.66 74.58
892.00 83.60 80.40 71.58 71.31 83.66 74.58
893.00 83.60 80.40 71.58 71.31 83.66 74.58
894.00 83.60 80.40 71.58 71.31 83.66 74.58
895.00 83.68 80.35 71.71 71.44 83.58 75.01
896.00 83.68 80.35 71.71 71.44 83.58 75.01
897.00 83.68 80.35 71.71 71.44 83.58 75.01
898.00 83.68 80.35 71.71 71.44 83.58 75.01
899.00 83.68 80.35 71.71 71.44 83.58 75.01
900.00 83.67 80.49 71.75 71.32 83.58 74.72
901.00 83.67 80.49 71.75 71.32 83.58 74.72
902.00 83.67 80.49 71.75 71.32 83.58 74.72
903.00 83.67 80.49 71.75 71.32 83.58 74.72
904.00 83.67 80.49 71.75 71.32 83.58 74.72
905.00 83.65 80.40 71.80 71.58 83.74 74.65
906.00 83.65 80.40 71.80 71.58 83.74 74.65
907.00 83.65 80.40 71.80 71.58 83.74 74.65
908.00 83.65 80.40 71.80 71.58 83.74 74.65
909.00 83.65 80.40 71.80 71.58 83.74 74.65
910.00 83.62 79.54 71.89 71.27 83.59 74.69
911.00 83.62 79.54 71.89 71.27 83.59 74.69
912.00 83.62 79.54 71.89 71.27 83.59 74.69
913.00 83.62 79.54 71.89 71.27 83.59 74.69
914.00 83.62 79.54 71.89 71.27 83.59 74.69
915.00 83.60 79.76 71.98 71.27 83.56 74.77
916.00 83.60 79.76 71.98 71.27 83.56 74.77
917.00 83.60 79.76 71.98 71.27 83.56 74.77
918.00 83.60 79.76 71.98 71.27 83.56 74.77
919.00 83.60 79.76 71.98 71.27 83.56 74.77
920.00 83.61 79.97 71.94 71.27 83.54 74.63
921.00 83.61 79.97 71.94 71.27 83.54 74.63
922.00 83.61 79.97 71.94 71.27 83.54 74.63
923.00 83.61 79.97 71.94 71.27 83.54 74.63
924.00 83.61 79.97 71.94 71.27 83.54 74.63
925.00 83.69 80.14 72.02 71.48 83.52 74.77
926.00 83.69 80.14 72.02 71.48 83.52 74.77
927.00 83.69 80.14 72.02 71.48 83.52 74.77
928.00 83.69 80.14 72.02 71.48 83.52 74.77
929.00 83.69 80.14 72.02 71.48 83.52 74.77
930.00 83.69 80.27 72.02 71.41 83.49 75.11
931.00 83.69 80.27 72.02 71.41 83.49 75.11
932.00 83.69 80.27 72.02 71.41 83.49 75.11
933.00 83.69 80.27 72.02 71.41 83.49 75.11
934.00 83.69 80.27 72.02 71.41 83.49 75.11
935.00 82.75 80.19 71.97 71.28 83.69 74.95
936.00 82.75 80.19 71.97 71.28 83.69 74.95
937.00 82.75 80.19 71.97 71.28 83.69 74.95
938.00 82.75 80.19 71.97 71.28 83.69 74.95
939.00 82.75 80.19 71.97 71.28 83.69 74.95
940.00 82.83 80.04 72.07 71.55 83.55 74.99
941.00 82.83 80.04 72.07 71.55 83.55 74.99
942.00 82.83 80.04 72.07 71.55 83.55 74.99
943.00 82.83 80.04 72.07 71.55 83.55 74.99
944.00 82.83 80.04 72.07 71.55 83.55 74.99
945.00 83.02 80.19 72.05 71.37 83.52 75.12
946.00 83.02 80.19 72.05 71.37 83.52 75.12
947.00 83.02 80.19 72.05 71.37 83.52 75.12
948.00 83.02 80.19 72.05 71.37 83.52 75.12
949.00 83.02 80.19 72.05 71.37 83.52 75.12
950.00 83.07 80.11 71.97 71.32 83.52 75.11
951.00 83.07 80.11 71.97 71.32 83.52 75.11
952.00 83.07 80.11 71.97 71.32 83.52 75.11
953.00 83.07 80.11 71.97 71.32 83.52 75.11
954.00 83.07 80.11 71.97 71.32 83.52 75.11
955.00 83.15 80.10 72.05 71.56 83.32 75.14
956.00 83.15 80.10 72.05 71.56 83.32 75.14
957.00 83.15 80.10 72.05 71.56 83.32 75.14
958.00 83.15 80.10 72.05 71.56 83.32 75.14
959.00 83.15 80.10 72.05 71.56 83.32 75.14
960.00 83.20 80.25 72.04 71.33 83.49 75.11
961.00 83.20 80.25 72.04 71.33 83.49 75.11
962.00 83.20 80.25 72.04 71.33 83.49 75.11
963.00 83.20 80.25 72.04 71.33 83.49 75.11
964.00 83.20 80.25 72.04 71.33 83.49 75.11
965.00 83.19 80.22 71.95 71.26 83.64 75.08
966.00 83.19 80.22 71.95 71.26 83.64 75.08
967.00 83.19 80.22 71.95 71.26 83.64 75.08
968.00 83.19 80.22 71.95 71.26 83.64 75.08
969.00 83.19 80.22 71.95 71.26 83.64 75.08
970.00 83.22 80.23 71.99 71.20 83.54 75.29
971.00 83.22 80.23 71.99 71.20 83.54 75.29
972.00 83.22 80.23 71.99 71.20 83.54 75.29
973.00 83.22 80.23 71.99 71.20 83.54 75.29
974.00 83.22 80.23 71.99 71.20 83.54 75.29
975.00 83.29 80.26 71.97 71.22 83.43 75.20
976.00 83.29 80.26 71.97 71.22 83.43 75.20
977.00 83.29 80.26 71.97 71.22 83.43 75.20
978.00 83.29 80.26 71.97 71.22 83.43 75.20
979.00 83.29 80.26 71.97 71.22 83.43 75.20
980.00 83.27 80.29 71.90 71.25 83.47 75.24
981.00 83.27 80.29 71.90 71.25 83.47 75.24
982.00 83.27 80.29 71.90 71.25 83.47 75.24
983.00 83.27 80.29 71.90 71.25 83.47 75.24
984.00 83.27 80.29 71.90 71.25 83.47 75.24
985.00 83.32 80.13 72.02 71.26 83.27 75.14
986.00 83.32 80.13 72.02 71.26 83.27 75.14
987.00 83.32 80.13 72.02 71.26 83.27 75.14
988.00 83.32 80.13 72.02 71.26 83.27 75.14
989.00 83.32 80.13 72.02 71.26 83.27 75.14
990.00 83.38 80.09 71.92 71.23 83.42 75.09
991.00 83.38 80.09 71.92 71.23 83.42 75.09
992.00 83.38 80.09 71.92 71.23 83.42 75.09
993.00 83.38 80.09 71.92 71.23 83.42 75.09
994.00 83.38 80.09 71.92 71.23 83.42 75.09
995.00 83.30 80.06 70.81 71.21 83.39 75.03
996.00 83.30 80.06 70.81 71.21 83.39 75.03
997.00 83.30 80.06 70.81 71.21 83.39 75.03
998.00 83.30 80.06 70.81 71.21 83.39 75.03
999.00 83.30 80.06 70.81 71.21 83.39 75.03
1000.00 83.38 80.14 70.92 71.20 83.20 75.13
1001.00 83.38 80.14 70.92 71.20 83.20 75.13
1002.00 83.38 80.14 70.92 71.20 83.20 75.13
1003.00 83.38 80.14 70.92 71.20 83.20 75.13
1004.00 83.38 80.14 70.92 71.20 83.20 75.13
1005.00 83.54 80.16 71.00 71.27 83.56 75.45
1006.00 83.54 80.16 71.00 71.27 83.56 75.45
1007.00 83.54 80.16 71.00 71.27 83.56 75.45
1008.00 83.54 80.16 71.00 71.27 83.56 75.45
1009.00 83.54 80.16 71.00 71.27 83.56 75.45
1010.00 83.50 80.20 71.18 71.21 83.43 75.28
1011.00 83.50 80.20 71.18 71.21 83.43 75.28
1012.00 83.50 80.20 71.18 71.21 83.43 75.28
1013.00 83.50 80.20 71.18 71.21 83.43 75.28
1014.00 83.50 80.20 71.18 71.21 83.43 75.28
1015.00 83.51 79.93 71.24 71.23 83.34 75.74
1016.00 83.51 79.93 71.24 71.23 83.34 75.74
1017.00 83.51 79.93 71.24 71.23 83.34 75.74
1018.00 83.51 79.93 71.24 71.23 83.34 75.74
1019.00 83.51 79.93 71.24 71.23 83.34 75.74
1020.00 83.44 80.13 71.37 71.21 83.30 75.70
1021.00 83.44 80.13 71.37 71.21 83.30 75.70
1022.00 83.44 80.13 71.37 71.21 83.30 75.70
1023.00 83.44 80.13 71.37 71.21 83.30 75.70
1024.00 83.44 80.13 71.37 71.21 83.30 75.70
1025.00 83.43 80.06 71.23 71.20 83.33 75.62
1026.00 83.43 80.06 71.23 71.20 83.33 75.62
1027.00 83.43 80.06 71.23 71.20 83.33 75.62
1028.00 83.43 80.06 71.23 71.20 83.33 75.62
1029.00 83.43 80.06 71.23 71.20 83.33 75.62
1030.00 83.93 80.05 71.41 71.23 83.23 75.72
1031.00 83.93 80.05 71.41 71.23 83.23 75.72
1032.00 83.93 80.05 71.41 71.23 83.23 75.72
1033.00 83.93 80.05 71.41 71.23 83.23 75.72
1034.00 83.93 80.05 71.41 71.23 83.23 75.72
1035.00 83.25 78.83 71.51 71.23 83.17 75.74
1036.00 83.25 78.83 71.51 71.23 83.17 75.74
1037.00 83.25 78.83 71.51 71.23 83.17 75.74
1038.00 83.25 78.83 71.51 71.23 83.17 75.74
1039.00 83.25 78.83 71.51 71.23 83.17 75.74
1040.00 83.28 79.20 71.63 71.15 83.28 75.87
1041.00 83.28 79.20 71.63 71.15 83.28 75.87
1042.00 83.28 79.20 71.63 71.15 83.28 75.87
1043.00 83.28 79.20 71.63 71.15 83.28 75.87
1044.00 83.28 79.20 71.63 71.15 83.28 75.87
1045.00 83.32 79.35 71.74 71.15 83.26 75.85
1046.00 83.32 79.35 71.74 71.15 83.26 75.85
1047.00 83.32 79.35 71.74 71.15 83.26 75.85
1048.00 83.32 79.35 71.74 71.15 83.26 75.85
1049.00 83.32 79.35 71.74 71.15 83.26 75.85
1050.00 83.33 79.72 71.73 71.22 83.45 76.15
1051.00 83.33 79.72 71.73 71.22 83.45 76.15
1052.00 83.33 79.72 71.73 71.22 83.45 76.15
1053.00 83.33 79.72 71.73 71.22 83.45 76.15
1054.00 83.33 79.72 71.73 71.22 83.45 76.15
1055.00 83.24 79.75 71.66 71.24 83.33 75.92
1056.00 83.24 79.75 71.66 71.24 83.33 75.92
1057.00 83.24 79.75 71.66 71.24 83.33 75.92
1058.00 83.24 79.75 71.66 71.24 83.33 75.92
1059.00 83.24 79.75 71.66 71.24 83.33 75.92
1060.00 82.29 79.81 71.75 71.20 83.22 76.03
1061.00 82.29 79.81 71.75 71.20 83.22 76.03
1062.00 82.29 79.81 71.75 71.20 83.22 76.03
1063.00 82.29 79.81 71.75 71.20 83.22 76.03
1064.00 82.29 79.81 71.75 71.20 83.22 76.03
1065.00 82.45 79.87 71.71 71.16 83.42 76.22
1066.00 82.45 79.87 71.71 71.16 83.42 76.22
1067.00 82.45 79.87 71.71 71.16 83.42 76.22
1068.00 82.45 79.87 71.71 71.16 83.42 76.22
1069.00 82.45 79.87 71.71 71.16 83.42 76.22
1070.00 82.53 79.78 71.64 71.13 83.22 76.27
1071.00 82.53 79.78 71.64 71.13 83.22 76.27
1072.00 82.53 79.78 71.64 71.13 83.22 76.27
1073.00 82.53 79.78 71.64 71.13 83.22 76.27
1074.00 82.53 79.78 71.64 71.13 83.22 76.27
1075.00 82.59 79.72 71.70 71.16 83.18 76.56
1076.00 82.59 79.72 71.70 71.16 83.18 76.56
1077.00 82.59 79.72 71.70 71.16 83.18 76.56
1078.00 82.59 79.72 71.70 71.16 83.18 76.56
1079.00 82.59 79.72 71.70 71.16 83.18 76.56
1080.00 82.75 80.00 71.72 71.24 83.43 76.50
1081.00 82.75 80.00 71.72 71.24 83.43 76.50
1082.00 82.75 80.00 71.72 71.24 83.43 76.50
1083.00 82.75 80.00 71.72 71.24 83.43 76.50
1084.00 82.75 80.00 71.72 71.24 83.43 76.50
1085.00 82.77 79.82 71.64 71.14 83.32 76.44
1086.00 82.77 79.82 71.64 71.14 83.32 76.44
1087.00 82.77 79.82 71.64 71.14 83.32 76.44
1088.00 82.77 79.82 71.64 71.14 83.32 76.44
1089.00 82.77 79.82 71.64 71.14 83.32 76.44
1090.00 82.86 79.80 71.70 71.07 83.17 76.35
1091.00 82.86 79.80 71.70 71.07 83.17 76.35
1092.00 82.86 79.80 71.70 71.07 83.17 76.35
1093.00 82.86 79.80 71.70 71.07 83.17 76.35
1094.00 82.86 79.80 71.70 71.07 83.17 76.35
1095.00 82.89 79.81 71.66 71.14 83.40 76.41
1096.00 82.89 79.81 71.66 71.14 83.40 76.41
1097.00 82.89 79.81 71.66 71.14 83.40 76.41
1098.00 82.89 79.81 71.66 71.14 83.40 76.41
1099.00 82.89 79.81 71.66 71.14 83.40 76.41
1100.00 82.91 79.75 71.58 71.09 83.30 76.59
1101.00 82.91 79.75 71.58 71.09 83.30 76.59
1102.00 82.91 79.75 71.58 71.09 83.30 76.59
1103.00 82.91 79.75 71.58 71.09 83.30 76.59
1104.00 82.91 79.75 71.58 71.09 83.30 76.59
1105.00 83.03 79.80 71.66 71.07 83.15 76.53
1106.00 83.03 79.80 71.66 71.07 83.15 76.53
1107.00 83.03 79.80 71.66 71.07 83.15 76.53
1108.00 83.03 79.80 71.66 71.07 83.15 76.53
1109.00 83.03 79.80 71.66 71.07 83.15 76.53
1110.00 82.86 79.95 71.59 71.12 83.14 76.56
1111.00 82.86 79.95 71.59 71.12 83.14 76.56
1112.00 82.86 79.95 71.59 71.12 83.14 76.56
1113.00 82.86 79.95 71.59 71.12 83.14 76.56
1114.00 82.86 79.95 71.59 71.12 83.14 76.56
1115.00 82.90 79.82 71.51 71.08 83.19 76.64
1116.00 82.90 79.82 71.51 71.08 83.19 76.64
1117.00 82.90 79.82 71.51 71.08 83.19 76.64
1118.00 82.90 79.82 71.51 71.08 83.19 76.64
1119.00 82.90 79.82 71.51 71.08 83.19 76.64
1120.00 82.95 79.78 71.59 71.03 83.12 76.59
1121.00 82.95 79.78 71.59 71.03 83.12 76.59
1122.00 82.95 79.78 71.59 71.03 83.12 76.59
1123.00 82.95 79.78 71.59 71.03 83.12 76.59
1124.00 82.95 79.78 71.59 71.03 83.12 76.59
1125.00 82.94 79.89 70.48 71.03 83.06 76.67
1126.00 82.94 79.89 70.48 71.03 83.06 76.67
1127.00 82.94 79.89 70.48 71.03 83.06 76.67
1128.00 82.94 79.89 70.48 71.03 83.06 76.67
1129.00 82.94 79.89 70.48 71.03 83.06 76.67
1130.00 82.94 79.80 70.57 71.09 83.15 76.65
1131.00 82.94 79.80 70.57 71.09 83.15 76.65
1132.00 82.94 79.80 70.57 71.09 83.15 76.65
1133.00 82.94 79.80 70.57 71.09 83.15 76.65
1134.00 82.94 79.80 70.57 71.09 83.15 76.65
1135.00 82.97 79.78 70.64 71.26 83.09 76.65
1136.00 82.97 79.78 70.64 71.26 83.09 76.65
1137.00 82.97 79.78 70.64 71.26 83.09 76.65
1138.00 82.97 79.78 70.64 71.26 83.09 76.65
1139.00 82.97 79.78 70.64 71.26 83.09 76.65
1140.00 83.02 79.87 70.74 71.12 83.08 76.76
1141.00 83.02 79.87 70.74 71.12 83.08 76.76
1142.00 83.02 79.87 70.74 71.12 83.08 76.76
1143.00 83.02 79.87 70.74 71.12 83.08 76.76
1144.00 83.02 79.87 70.74 71.12 83.08 76.76
1145.00 83.01 79.78 70.82 71.17 83.09 76.79
1146.00 83.01 79.78 70.82 71.17 83.09 76.79
1147.00 83.01 79.78 70.82 71.17 83.09 76.79
1148.00 83.01 79.78 70.82 71.17 83.09 76.79
1149.00 83.01 79.78 70.82 71.17 83.09 76.79
1150.00 83.01 79.87 70.94 70.99 83.03 76.79
1151.00 83.01 79.87 70.94 70.99 83.03 76.79
1152.00 83.01 79.87 70.94 70.99 83.03 76.79
1153.00 83.01 79.87 70.94 70.99 83.03 76.79
1154.00 83.01 79.87 70.94 70.99 83.03 76.79
1155.00 82.95 79.91 71.00 71.22 83.26 77.05
1156.00 82.95 79.91 71.00 71.22 83.26 77.05
1157.00 82.95 79.91 71.00 71.22 83.26 77.05
1158.00 82.95 79.91 71.00 71.22 83.26 77.05
1159.00 82.95 79.91 71.00 71.22 83.26 77.05
1160.00 82.97 79.75 71.05 71.16 83.18 77.00
1161.00 82.97 79.75 71.05 71.16 83.18 77.00
1162.00 82.97 79.75 71.05 71.16 83.18 77.00
1163.00 82.97 79.75 71.05 71.16 83.18 77.00
1164.00 82.97 79.75 71.05 71.16 83.18 77.00
1165.00 83.03 78.87 71.24 71.03 83.11 77.07
1166.00 83.03 78.87 71.24 71.03 83.11 77.07
1167.00 83.03 78.87 71.24 71.03 83.11 77.07
1168.00 83.03 78.87 71.24 71.03 83.11 77.07
1169.00 83.03 78.87 71.24 71.03 83.11 77.07
1170.00 82.99 79.05 71.32 71.09 83.25 77.04
1171.00 82.99 79.05 71.32 71.09 83.25 77.04
1172.00 82.99 79.05 71.32 71.09 83.25 77.04
1173.00 82.99 79.05 71.32 71.09 83.25 77.04
1174.00 82.99 79.05 71.32 71.09 83.25 77.04
1175.00 82.91 79.23 71.26 70.93 83.27 77.06
1176.00 82.91 79.23 71.26 70.93 83.27 77.06
1177.00 82.91 79.23 71.26 70.93 83.27 77.06
1178.00 82.91 79.23 71.26 70.93 83.27 77.06
1179.00 82.91 79.23 71.26 70.93 83.27 77.06
1180.00 82.95 79.35 71.33 71.23 83.34 77.04
1181.00 82.95 79.35 71.33 71.23 83.34 77.04
1182.00 82.95 79.35 71.33 71.23 83.34 77.04
1183.00 82.95 79.35 71.33 71.23 83.34 77.04
1184.00 82.95 79.35 71.33 71.23 83.34 77.04
1185.00 82.88 79.49 71.31 71.09 83.34 77.15
1186.00 82.88 79.49 71.31 71.09 83.34 77.15
1187.00 82.88 79.49 71.31 71.09 83.34 77.15
1188.00 82.88 79.49 71.31 71.09 83.34 77.15
1189.00 82.88 79.49 71.31 71.09 83.34 77.15
1190.00 81.99 79.24 71.27 71.05 83.24 77.12
1191.00 81.99 79.24 71.27 71.05 83.24 77.12
1192.00 81.99 79.24 71.27 71.05 83.24 77.12
1193.00 81.99 79.24 71.27 71.05 83.24 77.12
1194.00 81.99 79.24 71.27 71.05 83.24 77.12
1195.00 82.08 79.45 71.34 71.23 83.21 77.13
1196.00 82.08 79.45 71.34 71.23 83.21 77.13
1197.00 82.08 79.45 71.34 71.23 83.21 77.13
1198.00 82.08 79.45 71.34 71.23 83.21 77.13
1199.00 82.08 79.45 71.34 71.23 83.21 77.13
