0.00 1.54 1.80 -1.87 33.68 43.98 66.48 64.62 63.36
1.00 1.54 1.80 -1.87 33.68 43.98 66.48 64.62 63.36
2.00 1.54 1.80 -1.87 33.68 43.98 66.48 64.62 63.36
3.00 1.54 1.80 -1.87 33.68 43.98 66.48 64.62 63.36
4.00 1.54 1.80 -1.87 33.68 43.98 66.48 64.62 63.36
5.00 2.30 2.16 -0.72 33.64 44.17 65.90 64.62 64.76
6.00 2.30 2.16 -0.72 33.64 44.17 65.90 64.62 64.76
7.00 2.30 2.16 -0.72 33.64 44.17 65.90 64.62 64.76
8.00 2.30 2.16 -0.72 33.64 44.17 65.90 64.62 64.76
9.00 2.30 2.16 -0.72 33.64 44.17 65.90 64.62 64.76
10.00 4.89 2.21 -0.31 33.80 43.81 66.03 64.46 65.15
11.00 4.89 2.21 -0.31 33.80 43.81 66.03 64.46 65.15
12.00 4.89 2.21 -0.31 33.80 43.81 66.03 64.46 65.15
13.00 4.89 2.21 -0.31 33.80 43.81 66.03 64.46 65.15
14.00 4.89 2.21 -0.31 33.80 43.81 66.03 64.46 65.15
15.00 12.07 3.18 0.64 33.64 42.55 65.27 64.93 65.53
16.00 12.07 3.18 0.64 33.64 42.55 65.27 64.93 65.53
17.00 12.07 3.18 0.64 33.64 42.55 65.27 64.93 65.53
18.00 12.07 3.18 0.64 33.64 42.55 65.27 64.93 65.53
19.00 12.07 3.18 0.64 33.64 42.55 65.27 64.93 65.53
20.00 20.34 4.65 0.35 33.55 45.07 64.76 64.25 65.35
21.00 20.34 4.65 0.35 33.55 45.07 64.76 64.25 65.35
22.00 20.34 4.65 0.35 33.55 45.07 64.76 64.25 65.35
23.00 20.34 4.65 0.35 33.55 45.07 64.76 64.25 65.35
24.00 20.34 4.65 0.35 33.55 45.07 64.76 64.25 65.35
25.00 26.96 5.67 -0.11 34.65 51.12 65.73 66.31 65.99
26.00 26.96 5.67 -0.11 34.65 51.12 65.73 66.31 65.99
27.00 26.96 5.67 -0.11 34.65 51.12 65.73 66.31 65.99
28.00 26.96 5.67 -0.11 34.65 51.12 65.73 66.31 65.99
29.00 26.96 5.67 -0.11 34.65 51.12 65.73 66.31 65.99
30.00 31.33 7.36 1.57 39.77 55.71 67.79 66.10 66.27
31.00 31.33 7.36 1.57 39.77 55.71 67.79 66.10 66.27
32.00 31.33 7.36 1.57 39.77 55.71 67.79 66.10 66.27
33.00 31.33 7.36 1.57 39.77 55.71 67.79 66.10 66.27
34.00 31.33 7.36 1.57 39.77 55.71 67.79 66.10 66.27
35.00 34.52 8.44 3.30 43.26 60.06 70.22 66.20 67.25
36.00 34.52 8.44 3.30 43.26 60.06 70.22 66.20 67.25
37.00 34.52 8.44 3.30 43.26 60.06 70.22 66.20 67.25
38.00 34.52 8.44 3.30 43.26 60.06 70.22 66.20 67.25
39.00 34.52 8.44 3.30 43.26 60.06 70.22 66.20 67.25
40.00 37.01 9.73 4.64 47.26 63.41 72.37 65.84 68.42
41.00 37.01 9.73 4.64 47.26 63.41 72.37 65.84 68.42
42.00 37.01 9.73 4.64 47.26 63.41 72.37 65.84 68.42
43.00 37.01 9.73 4.64 47.26 63.41 72.37 65.84 68.42
44.00 37.01 9.73 4.64 47.26 63.41 72.37 65.84 68.42
45.00 39.18 10.66 7.01 52.30 65.38 73.64 66.13 68.64
46.00 39.18 10.66 7.01 52.30 65.38 73.64 66.13 68.64
47.00 39.18 10.66 7.01 52.30 65.38 73.64 66.13 68.64
48.00 39.18 10.66 7.01 52.30 65.38 73.64 66.13 68.64
49.00 39.18 10.66 7.01 52.30 65.38 73.64 66.13 68.64
50.00 40.88 11.86 10.68 56.61 66.93 74.82 65.92 69.46
51.00 40.88 11.86 10.68 56.61 66.93 74.82 65.92 69.46
52.00 40.88 11.86 10.68 56.61 66.93 74.82 65.92 69.46
53.00 40.88 11.86 10.68 56.61 66.93 74.82 65.92 69.46
54.00 40.88 11.86 10.68 56.61 66.93 74.82 65.92 69.46
55.00 42.83 12.94 14.63 59.78 68.29 75.74 65.96 70.39
56.00 42.83 12.94 14.63 59.78 68.29 75.74 65.96 70.39
57.00 42.83 12.94 14.63 59.78 68.29 75.74 65.96 70.39
58.00 42.83 12.94 14.63 59.78 68.29 75.74 65.96 70.39
59.00 42.83 12.94 14.63 59.78 68.29 75.74 65.96 70.39
60.00 44.34 14.48 17.62 61.48 69.05 76.09 65.59 70.22
61.00 44.34 14.48 17.62 61.48 69.05 76.09 65.59 70.22
62.00 44.34 14.48 17.62 61.48 69.05 76.09 65.59 70.22
63.00 44.34 14.48 17.62 61.48 69.05 76.09 65.59 70.22
64.00 44.34 14.48 17.62 61.48 69.05 76.09 65.59 70.22
65.00 45.65 15.64 21.13 63.32 69.58 76.77 71.08 70.83
66.00 45.65 15.64 21.13 63.32 69.58 76.77 71.08 70.83
67.00 45.65 15.64 21.13 63.32 69.58 76.77 71.08 70.83
68.00 45.65 15.64 21.13 63.32 69.58 76.77 71.08 70.83
69.00 45.65 15.64 21.13 63.32 69.58 76.77 71.08 70.83
70.00 46.70 16.42 24.44 64.79 70.16 77.58 80.06 71.64
71.00 46.70 16.42 24.44 64.79 70.16 77.58 80.06 71.64
72.00 46.70 16.42 24.44 64.79 70.16 77.58 80.06 71.64
73.00 46.70 16.42 24.44 64.79 70.16 77.58 80.06 71.64
74.00 46.70 16.42 24.44 64.79 70.16 77.58 80.06 71.64
75.00 48.27 17.48 26.74 65.52 70.58 78.01 84.14 72.46
76.00 48.27 17.48 26.74 65.52 70.58 78.01 84.14 72.46
77.00 48.27 17.48 26.74 65.52 70.58 78.01 84.14 72.46
78.00 48.27 17.48 26.74 65.52 70.58 78.01 84.14 72.46
79.00 48.27 17.48 26.74 65.52 70.58 78.01 84.14 72.46
80.00 49.00 18.60 29.37 66.13 70.81 78.55 86.01 72.86
81.00 49.00 18.60 29.37 66.13 70.81 78.55 86.01 72.86
82.00 49.00 18.60 29.37 66.13 70.81 78.55 86.01 72.86
83.00 49.00 18.60 29.37 66.13 70.81 78.55 86.01 72.86
84.00 49.00 18.60 29.37 66.13 70.81 78.55 86.01 72.86
85.00 50.14 19.52 32.04 67.03 71.22 78.76 86.96 73.25
86.00 50.14 19.52 32.04 67.03 71.22 78.76 86.96 73.25
87.00 50.14 19.52 32.04 67.03 71.22 78.76 86.96 73.25
88.00 50.14 19.52 32.04 67.03 71.22 78.76 86.96 73.25
89.00 50.14 19.52 32.04 67.03 71.22 78.76 86.96 73.25
90.00 50.94 21.08 34.28 67.40 71.56 78.89 87.93 73.55
91.00 50.94 21.08 34.28 67.40 71.56 78.89 87.93 73.55
92.00 50.94 21.08 34.28 67.40 71.56 78.89 87.93 73.55
93.00 50.94 21.08 34.28 67.40 71.56 78.89 87.93 73.55
94.00 50.94 21.08 34.28 67.40 71.56 78.89 87.93 73.55
95.00 51.85 21.70 36.40 67.98 71.72 79.08 89.09 74.05
96.00 51.85 21.70 36.40 67.98 71.72 79.08 89.09 74.05
97.00 51.85 21.70 36.40 67.98 71.72 79.08 89.09 74.05
98.00 51.85 21.70 36.40 67.98 71.72 79.08 89.09 74.05
99.00 51.85 21.70 36.40 67.98 71.72 79.08 89.09 74.05
100.00 52.65 22.64 37.92 68.30 71.95 79.66 89.57 74.02
101.00 52.65 22.64 37.92 68.30 71.95 79.66 89.57 74.02
102.00 52.65 22.64 37.92 68.30 71.95 79.66 89.57 74.02
103.00 52.65 22.64 37.92 68.30 71.95 79.66 89.57 74.02
104.00 52.65 22.64 37.92 68.30 71.95 79.66 89.57 74.02
105.00 53.51 24.44 39.00 68.63 72.09 79.90 90.31 74.55
106.00 53.51 24.44 39.00 68.63 72.09 79.90 90.31 74.55
107.00 53.51 24.44 39.00 68.63 72.09 79.90 90.31 74.55
108.00 53.51 24.44 39.00 68.63 72.09 79.90 90.31 74.55
109.00 53.51 24.44 39.00 68.63 72.09 79.90 90.31 74.55
110.00 54.13 24.80 39.75 69.10 72.19 80.25 90.62 75.58
111.00 54.13 24.80 39.75 69.10 72.19 80.25 90.62 75.58
112.00 54.13 24.80 39.75 69.10 72.19 80.25 90.62 75.58
113.00 54.13 24.80 39.75 69.10 72.19 80.25 90.62 75.58
114.00 54.13 24.80 39.75 69.10 72.19 80.25 90.62 75.58
115.00 54.88 25.86 41.46 69.43 72.49 80.39 90.81 75.08
116.00 54.88 25.86 41.46 69.43 72.49 80.39 90.81 75.08
117.00 54.88 25.86 41.46 69.43 72.49 80.39 90.81 75.08
118.00 54.88 25.86 41.46 69.43 72.49 80.39 90.81 75.08
119.00 54.88 25.86 41.46 69.43 72.49 80.39 90.81 75.08
120.00 55.59 26.44 42.14 69.68 72.70 80.67 90.90 75.03
121.00 55.59 26.44 42.14 69.68 72.70 80.67 90.90 75.03
122.00 55.59 26.44 42.14 69.68 72.70 80.67 90.90 75.03
123.00 55.59 26.44 42.14 69.68 72.70 80.67 90.90 75.03
124.00 55.59 26.44 42.14 69.68 72.70 80.67 90.90 75.03
125.00 56.22 27.33 43.28 69.90 73.36 79.96 91.21 75.07
126.00 56.22 27.33 43.28 69.90 73.36 79.96 91.21 75.07
127.00 56.22 27.33 43.28 69.90 73.36 79.96 91.21 75.07
128.00 56.22 27.33 43.28 69.90 73.36 79.96 91.21 75.07
129.00 56.22 27.33 43.28 69.90 73.36 79.96 91.21 75.07
130.00 56.75 27.84 43.82 70.26 73.52 80.95 90.72 76.38
131.00 56.75 27.84 43.82 70.26 73.52 80.95 90.72 76.38
132.00 56.75 27.84 43.82 70.26 73.52 80.95 90.72 76.38
133.00 56.75 27.84 43.82 70.26 73.52 80.95 90.72 76.38
134.00 56.75 27.84 43.82 70.26 73.52 80.95 90.72 76.38
135.00 57.99 28.70 44.44 70.29 73.54 81.58 91.10 76.39
136.00 57.99 28.70 44.44 70.29 73.54 81.58 91.10 76.39
137.00 57.99 28.70 44.44 70.29 73.54 81.58 91.10 76.39
138.00 57.99 28.70 44.44 70.29 73.54 81.58 91.10 76.39
139.00 57.99 28.70 44.44 70.29 73.54 81.58 91.10 76.39
140.00 57.72 29.03 45.40 70.43 73.75 81.48 90.77 76.82
141.00 57.72 29.03 45.40 70.43 73.75 81.48 90.77 76.82
142.00 57.72 29.03 45.40 70.43 73.75 81.48 90.77 76.82
143.00 57.72 29.03 45.40 70.43 73.75 81.48 90.77 76.82
144.00 57.72 29.03 45.40 70.43 73.75 81.48 90.77 76.82
145.00 57.99 29.69 46.17 70.59 73.79 82.32 91.38 77.48
146.00 57.99 29.69 46.17 70.59 73.79 82.32 91.38 77.48
147.00 57.99 29.69 46.17 70.59 73.79 82.32 91.38 77.48
148.00 57.99 29.69 46.17 70.59 73.79 82.32 91.38 77.48
149.00 57.99 29.69 46.17 70.59 73.79 82.32 91.38 77.48
150.00 58.47 29.80 46.65 70.63 73.66 81.95 91.01 78.27
151.00 58.47 29.80 46.65 70.63 73.66 81.95 91.01 78.27
152.00 58.47 29.80 46.65 70.63 73.66 81.95 91.01 78.27
153.00 58.47 29.80 46.65 70.63 73.66 81.95 91.01 78.27
154.00 58.47 29.80 46.65 70.63 73.66 81.95 91.01 78.27
155.00 58.81 30.34 47.44 70.77 73.84 83.19 91.33 78.12
156.00 58.81 30.34 47.44 70.77 73.84 83.19 91.33 78.12
157.00 58.81 30.34 47.44 70.77 73.84 83.19 91.33 78.12
158.00 58.81 30.34 47.44 70.77 73.84 83.19 91.33 78.12
159.00 58.81 30.34 47.44 70.77 73.84 83.19 91.33 78.12
160.00 59.06 30.61 47.95 71.01 73.87 83.81 91.13 78.74
161.00 59.06 30.61 47.95 71.01 73.87 83.81 91.13 78.74
162.00 59.06 30.61 47.95 71.01 73.87 83.81 91.13 78.74
163.00 59.06 30.61 47.95 71.01 73.87 83.81 91.13 78.74
164.00 59.06 30.61 47.95 71.01 73.87 83.81 91.13 78.74
165.00 59.13 31.19 48.42 70.92 73.97 83.38 91.29 78.18
166.00 59.13 31.19 48.42 70.92 73.97 83.38 91.29 78.18
167.00 59.13 31.19 48.42 70.92 73.97 83.38 91.29 78.18
168.00 59.13 31.19 48.42 70.92 73.97 83.38 91.29 78.18
169.00 59.13 31.19 48.42 70.92 73.97 83.38 91.29 78.18
170.00 59.57 31.81 48.79 71.31 74.21 84.01 90.92 79.15
171.00 59.57 31.81 48.79 71.31 74.21 84.01 90.92 79.15
172.00 59.57 31.81 48.79 71.31 74.21 84.01 90.92 79.15
173.00 59.57 31.81 48.79 71.31 74.21 84.01 90.92 79.15
174.00 59.57 31.81 48.79 71.31 74.21 84.01 90.92 79.15
175.00 59.78 32.23 49.56 71.45 74.15 84.41 90.90 78.54
176.00 59.78 32.23 49.56 71.45 74.15 84.41 90.90 78.54
177.00 59.78 32.23 49.56 71.45 74.15 84.41 90.90 78.54
178.00 59.78 32.23 49.56 71.45 74.15 84.41 90.90 78.54
179.00 59.78 32.23 49.56 71.45 74.15 84.41 90.90 78.54
180.00 60.15 32.27 49.85 71.38 73.95 84.21 90.89 79.30
181.00 60.15 32.27 49.85 71.38 73.95 84.21 90.89 79.30
182.00 60.15 32.27 49.85 71.38 73.95 84.21 90.89 79.30
183.00 60.15 32.27 49.85 71.38 73.95 84.21 90.89 79.30
184.00 60.15 32.27 49.85 71.38 73.95 84.21 90.89 79.30
185.00 60.08 32.73 50.31 71.44 74.16 84.68 91.31 80.17
186.00 60.08 32.73 50.31 71.44 74.16 84.68 91.31 80.17
187.00 60.08 32.73 50.31 71.44 74.16 84.68 91.31 80.17
188.00 60.08 32.73 50.31 71.44 74.16 84.68 91.31 80.17
189.00 60.08 32.73 50.31 71.44 74.16 84.68 91.31 80.17
190.00 60.42 32.65 50.92 71.57 74.23 84.85 90.69 79.97
191.00 60.42 32.65 50.92 71.57 74.23 84.85 90.69 79.97
192.00 60.42 32.65 50.92 71.57 74.23 84.85 90.69 79.97
193.00 60.42 32.65 50.92 71.57 74.23 84.85 90.69 79.97
194.00 60.42 32.65 50.92 71.57 74.23 84.85 90.69 79.97
195.00 60.61 32.93 51.22 71.61 74.07 84.82 90.81 79.78
196.00 60.61 32.93 51.22 71.61 74.07 84.82 90.81 79.78
197.00 60.61 32.93 51.22 71.61 74.07 84.82 90.81 79.78
198.00 60.61 32.93 51.22 71.61 74.07 84.82 90.81 79.78
199.00 60.61 32.93 51.22 71.61 74.07 84.82 90.81 79.78
200.00 60.82 33.45 51.36 71.85 74.29 84.66 90.94 79.46
201.00 60.82 33.45 51.36 71.85 74.29 84.66 90.94 79.46
202.00 60.82 33.45 51.36 71.85 74.29 84.66 90.94 79.46
203.00 60.82 33.45 51.36 71.85 74.29 84.66 90.94 79.46
204.00 60.82 33.45 51.36 71.85 74.29 84.66 90.94 79.46
205.00 60.72 33.66 51.82 71.70 74.36 85.18 90.57 80.27
206.00 60.72 33.66 51.82 71.70 74.36 85.18 90.57 80.27
207.00 60.72 33.66 51.82 71.70 74.36 85.18 90.57 80.27
208.00 60.72 33.66 51.82 71.70 74.36 85.18 90.57 80.27
209.00 60.72 33.66 51.82 71.70 74.36 85.18 90.57 80.27
210.00 60.80 34.40 52.10 71.72 74.29 84.67 90.75 79.30
211.00 60.80 34.40 52.10 71.72 74.29 84.67 90.75 79.30
212.00 60.80 34.40 52.10 71.72 74.29 84.67 90.75 79.30
213.00 60.80 34.40 52.10 71.72 74.29 84.67 90.75 79.30
214.00 60.80 34.40 52.10 71.72 74.29 84.67 90.75 79.30
215.00 61.23 34.66 52.17 71.91 74.27 84.63 91.12 80.06
216.00 61.23 34.66 52.17 71.91 74.27 84.63 91.12 80.06
217.00 61.23 34.66 52.17 71.91 74.27 84.63 91.12 80.06
218.00 61.23 34.66 52.17 71.91 74.27 84.63 91.12 80.06
219.00 61.23 34.66 52.17 71.91 74.27 84.63 91.12 80.06
220.00 61.20 34.82 52.38 71.92 74.47 85.23 90.59 79.64
221.00 61.20 34.82 52.38 71.92 74.47 85.23 90.59 79.64
222.00 61.20 34.82 52.38 71.92 74.47 85.23 90.59 79.64
223.00 61.20 34.82 52.38 71.92 74.47 85.23 90.59 79.64
224.00 61.20 34.82 52.38 71.92 74.47 85.23 90.59 79.64
225.00 61.98 34.88 52.71 71.98 74.52 85.18 90.94 80.05
226.00 61.98 34.88 52.71 71.98 74.52 85.18 90.94 80.05
227.00 61.98 34.88 52.71 71.98 74.52 85.18 90.94 80.05
228.00 61.98 34.88 52.71 71.98 74.52 85.18 90.94 80.05
229.00 61.98 34.88 52.71 71.98 74.52 85.18 90.94 80.05
230.00 61.79 35.23 52.89 71.99 74.56 85.23 90.92 79.63
231.00 61.79 35.23 52.89 71.99 74.56 85.23 90.92 79.63
232.00 61.79 35.23 52.89 71.99 74.56 85.23 90.92 79.63
233.00 61.79 35.23 52.89 71.99 74.56 85.23 90.92 79.63
234.00 61.79 35.23 52.89 71.99 74.56 85.23 90.92 79.63
235.00 61.89 35.61 53.19 72.20 74.56 84.97 90.47 80.16
236.00 61.89 35.61 53.19 72.20 74.56 84.97 90.47 80.16
237.00 61.89 35.61 53.19 72.20 74.56 84.97 90.47 80.16
238.00 61.89 35.61 53.19 72.20 74.56 84.97 90.47 80.16
239.00 61.89 35.61 53.19 72.20 74.56 84.97 90.47 80.16
240.00 61.97 36.18 53.55 71.98 74.53 85.30 90.86 79.84
241.00 61.97 36.18 53.55 71.98 74.53 85.30 90.86 79.84
242.00 61.97 36.18 53.55 71.98 74.53 85.30 90.86 79.84
243.00 61.97 36.18 53.55 71.98 74.53 85.30 90.86 79.84
244.00 61.97 36.18 53.55 71.98 74.53 85.30 90.86 79.84
245.00 62.27 36.30 53.74 72.37 74.64 85.56 90.59 80.36
246.00 62.27 36.30 53.74 72.37 74.64 85.56 90.59 80.36
247.00 62.27 36.30 53.74 72.37 74.64 85.56 90.59 80.36
248.00 62.27 36.30 53.74 72.37 74.64 85.56 90.59 80.36
249.00 62.27 36.30 53.74 72.37 74.64 85.56 90.59 80.36
250.00 62.34 36.31 54.00 72.37 74.69 86.39 90.33 80.82
251.00 62.34 36.31 54.00 72.37 74.69 86.39 90.33 80.82
252.00 62.34 36.31 54.00 72.37 74.69 86.39 90.33 80.82
253.00 62.34 36.31 54.00 72.37 74.69 86.39 90.33 80.82
254.00 62.34 36.31 54.00 72.37 74.69 86.39 90.33 80.82
255.00 62.41 36.71 54.16 72.27 74.37 86.15 90.81 80.35
256.00 62.41 36.71 54.16 72.27 74.37 86.15 90.81 80.35
257.00 62.41 36.71 54.16 72.27 74.37 86.15 90.81 80.35
258.00 62.41 36.71 54.16 72.27 74.37 86.15 90.81 80.35
259.00 62.41 36.71 54.16 72.27 74.37 86.15 90.81 80.35
260.00 62.60 36.96 54.27 72.30 74.59 86.30 90.91 80.56
261.00 62.60 36.96 54.27 72.30 74.59 86.30 90.91 80.56
262.00 62.60 36.96 54.27 72.30 74.59 86.30 90.91 80.56
263.00 62.60 36.96 54.27 72.30 74.59 86.30 90.91 80.56
264.00 62.60 36.96 54.27 72.30 74.59 86.30 90.91 80.56
265.00 62.69 37.14 54.33 72.26 74.57 86.17 90.82 80.75
266.00 62.69 37.14 54.33 72.26 74.57 86.17 90.82 80.75
267.00 62.69 37.14 54.33 72.26 74.57 86.17 90.82 80.75
268.00 62.69 37.14 54.33 72.26 74.57 86.17 90.82 80.75
269.00 62.69 37.14 54.33 72.26 74.57 86.17 90.82 80.75
270.00 62.72 37.09 54.63 72.28 74.85 86.33 90.71 80.60
271.00 62.72 37.09 54.63 72.28 74.85 86.33 90.71 80.60
272.00 62.72 37.09 54.63 72.28 74.85 86.33 90.71 80.60
273.00 62.72 37.09 54.63 72.28 74.85 86.33 90.71 80.60
274.00 62.72 37.09 54.63 72.28 74.85 86.33 90.71 80.60
275.00 62.97 37.38 54.59 72.32 74.54 85.20 90.32 80.53
276.00 62.97 37.38 54.59 72.32 74.54 85.20 90.32 80.53
277.00 62.97 37.38 54.59 72.32 74.54 85.20 90.32 80.53
278.00 62.97 37.38 54.59 72.32 74.54 85.20 90.32 80.53
279.00 62.97 37.38 54.59 72.32 74.54 85.20 90.32 80.53
280.00 63.02 37.36 55.06 72.43 74.55 85.99 90.59 80.93
281.00 63.02 37.36 55.06 72.43 74.55 85.99 90.59 80.93
282.00 63.02 37.36 55.06 72.43 74.55 85.99 90.59 80.93
283.00 63.02 37.36 55.06 72.43 74.55 85.99 90.59 80.93
284.00 63.02 37.36 55.06 72.43 74.55 85.99 90.59 80.93
285.00 63.31 37.63 55.05 72.37 74.53 85.88 90.43 80.28
286.00 63.31 37.63 55.05 72.37 74.53 85.88 90.43 80.28
287.00 63.31 37.63 55.05 72.37 74.53 85.88 90.43 80.28
288.00 63.31 37.63 55.05 72.37 74.53 85.88 90.43 80.28
289.00 63.31 37.63 55.05 72.37 74.53 85.88 90.43 80.28
290.00 63.46 38.05 55.09 72.37 74.78 85.81 90.33 81.21
291.00 63.46 38.05 55.09 72.37 74.78 85.81 90.33 81.21
292.00 63.46 38.05 55.09 72.37 74.78 85.81 90.33 81.21
293.00 63.46 38.05 55.09 72.37 74.78 85.81 90.33 81.21
294.00 63.46 38.05 55.09 72.37 74.78 85.81 90.33 81.21
295.00 63.25 37.85 55.29 72.56 74.72 86.17 90.58 81.02
296.00 63.25 37.85 55.29 72.56 74.72 86.17 90.58 81.02
297.00 63.25 37.85 55.29 72.56 74.72 86.17 90.58 81.02
298.00 63.25 37.85 55.29 72.56 74.72 86.17 90.58 81.02
299.00 63.25 37.85 55.29 72.56 74.72 86.17 90.58 81.02
300.00 63.54 38.01 55.44 72.72 74.40 86.11 90.74 80.31
301.00 63.54 38.01 55.44 72.72 74.40 86.11 90.74 80.31
302.00 63.54 38.01 55.44 72.72 74.40 86.11 90.74 80.31
303.00 63.54 38.01 55.44 72.72 74.40 86.11 90.74 80.31
304.00 63.54 38.01 55.44 72.72 74.40 86.11 90.74 80.31
305.00 63.57 38.17 55.44 72.57 74.69 86.06 89.91 80.70
306.00 63.57 38.17 55.44 72.57 74.69 86.06 89.91 80.70
307.00 63.57 38.17 55.44 72.57 74.69 86.06 89.91 80.70
308.00 63.57 38.17 55.44 72.57 74.69 86.06 89.91 80.70
309.00 63.57 38.17 55.44 72.57 74.69 86.06 89.91 80.70
310.00 63.71 38.06 55.57 72.69 74.46 86.19 90.51 80.90
311.00 63.71 38.06 55.57 72.69 74.46 86.19 90.51 80.90
312.00 63.71 38.06 55.57 72.69 74.46 86.19 90.51 80.90
313.00 63.71 38.06 55.57 72.69 74.46 86.19 90.51 80.90
314.00 63.71 38.06 55.57 72.69 74.46 86.19 90.51 80.90
315.00 64.14 38.71 55.75 72.53 74.75 85.86 90.36 80.82
316.00 64.14 38.71 55.75 72.53 74.75 85.86 90.36 80.82
317.00 64.14 38.71 55.75 72.53 74.75 85.86 90.36 80.82
318.00 64.14 38.71 55.75 72.53 74.75 85.86 90.36 80.82
319.00 64.14 38.71 55.75 72.53 74.75 85.86 90.36 80.82
320.00 63.88 38.58 55.67 72.57 74.76 85.99 90.52 80.56
321.00 63.88 38.58 55.67 72.57 74.76 85.99 90.52 80.56
322.00 63.88 38.58 55.67 72.57 74.76 85.99 90.52 80.56
323.00 63.88 38.58 55.67 72.57 74.76 85.99 90.52 80.56
324.00 63.88 38.58 55.67 72.57 74.76 85.99 90.52 80.56
325.00 63.83 38.59 55.74 72.70 74.66 85.86 90.05 80.80
326.00 63.83 38.59 55.74 72.70 74.66 85.86 90.05 80.80
327.00 63.83 38.59 55.74 72.70 74.66 85.86 90.05 80.80
328.00 63.83 38.59 55.74 72.70 74.66 85.86 90.05 80.80
329.00 63.83 38.59 55.74 72.70 74.66 85.86 90.05 80.80
330.00 64.46 38.72 55.87 72.64 74.67 85.82 90.01 80.36
331.00 64.46 38.72 55.87 72.64 74.67 85.82 90.01 80.36
332.00 64.46 38.72 55.87 72.64 74.67 85.82 90.01 80.36
333.00 64.46 38.72 55.87 72.64 74.67 85.82 90.01 80.36
334.00 64.46 38.72 55.87 72.64 74.67 85.82 90.01 80.36
335.00 64.26 38.86 55.89 72.60 74.44 85.98 90.04 80.48
336.00 64.26 38.86 55.89 72.60 74.44 85.98 90.04 80.48
337.00 64.26 38.86 55.89 72.60 74.44 85.98 90.04 80.48
338.00 64.26 38.86 55.89 72.60 74.44 85.98 90.04 80.48
339.00 64.26 38.86 55.89 72.60 74.44 85.98 90.04 80.48
340.00 64.33 38.71 55.96 72.54 74.60 85.23 90.14 80.79
341.00 64.33 38.71 55.96 72.54 74.60 85.23 90.14 80.79
342.00 64.33 38.71 55.96 72.54 74.60 85.23 90.14 80.79
343.00 64.33 38.71 55.96 72.54 74.60 85.23 90.14 80.79
344.00 64.33 38.71 55.96 72.54 74.60 85.23 90.14 80.79
345.00 64.33 38.96 55.94 72.61 74.35 85.93 89.90 80.91
346.00 64.33 38.96 55.94 72.61 74.35 85.93 89.90 80.91
347.00 64.33 38.96 55.94 72.61 74.35 85.93 89.90 80.91
348.00 64.33 38.96 55.94 72.61 74.35 85.93 89.90 80.91
349.00 64.33 38.96 55.94 72.61 74.35 85.93 89.90 80.91
350.00 64.32 39.16 55.83 72.82 74.41 85.06 90.21 80.72
351.00 64.32 39.16 55.83 72.82 74.41 85.06 90.21 80.72
352.00 64.32 39.16 55.83 72.82 74.41 85.06 90.21 80.72
353.00 64.32 39.16 55.83 72.82 74.41 85.06 90.21 80.72
354.00 64.32 39.16 55.83 72.82 74.41 85.06 90.21 80.72
355.00 64.34 39.14 56.02 72.66 74.60 85.40 89.88 80.79
356.00 64.34 39.14 56.02 72.66 74.60 85.40 89.88 80.79
357.00 64.34 39.14 56.02 72.66 74.60 85.40 89.88 80.79
358.00 64.34 39.14 56.02 72.66 74.60 85.40 89.88 80.79
359.00 64.34 39.14 56.02 72.66 74.60 85.40 89.88 80.79
360.00 64.92 39.21 56.12 72.61 74.36 85.13 90.16 80.38
361.00 64.92 39.21 56.12 72.61 74.36 85.13 90.16 80.38
362.00 64.92 39.21 56.12 72.61 74.36 85.13 90.16 80.38
363.00 64.92 39.21 56.12 72.61 74.36 85.13 90.16 80.38
364.00 64.92 39.21 56.12 72.61 74.36 85.13 90.16 80.38
365.00 64.96 39.23 56.25 72.64 74.67 85.05 90.12 80.63
366.00 64.96 39.23 56.25 72.64 74.67 85.05 90.12 80.63
367.00 64.96 39.23 56.25 72.64 74.67 85.05 90.12 80.63
368.00 64.96 39.23 56.25 72.64 74.67 85.05 90.12 80.63
369.00 64.96 39.23 56.25 72.64 74.67 85.05 90.12 80.63
370.00 64.83 38.98 56.27 72.72 74.42 85.57 89.66 80.94
371.00 64.83 38.98 56.27 72.72 74.42 85.57 89.66 80.94
372.00 64.83 38.98 56.27 72.72 74.42 85.57 89.66 80.94
373.00 64.83 38.98 56.27 72.72 74.42 85.57 89.66 80.94
374.00 64.83 38.98 56.27 72.72 74.42 85.57 89.66 80.94
375.00 65.15 39.54 56.30 72.68 74.61 85.74 90.08 80.49
376.00 65.15 39.54 56.30 72.68 74.61 85.74 90.08 80.49
377.00 65.15 39.54 56.30 72.68 74.61 85.74 90.08 80.49
378.00 65.15 39.54 56.30 72.68 74.61 85.74 90.08 80.49
379.00 65.15 39.54 56.30 72.68 74.61 85.74 90.08 80.49
380.00 65.06 39.47 56.33 72.89 74.95 85.24 89.99 80.41
381.00 65.06 39.47 56.33 72.89 74.95 85.24 89.99 80.41
382.00 65.06 39.47 56.33 72.89 74.95 85.24 89.99 80.41
383.00 65.06 39.47 56.33 72.89 74.95 85.24 89.99 80.41
384.00 65.06 39.47 56.33 72.89 74.95 85.24 89.99 80.41
385.00 64.85 39.37 56.41 72.80 74.72 85.96 90.13 80.57
386.00 64.85 39.37 56.41 72.80 74.72 85.96 90.13 80.57
387.00 64.85 39.37 56.41 72.80 74.72 85.96 90.13 80.57
388.00 64.85 39.37 56.41 72.80 74.72 85.96 90.13 80.57
389.00 64.85 39.37 56.41 72.80 74.72 85.96 90.13 80.57
390.00 65.08 39.97 56.48 72.80 74.91 84.49 89.95 80.72
391.00 65.08 39.97 56.48 72.80 74.91 84.49 89.95 80.72
392.00 65.08 39.97 56.48 72.80 74.91 84.49 89.95 80.72
393.00 65.08 39.97 56.48 72.80 74.91 84.49 89.95 80.72
394.00 65.08 39.97 56.48 72.80 74.91 84.49 89.95 80.72
395.00 65.34 39.98 56.53 72.72 74.60 85.33 89.95 80.72
396.00 65.34 39.98 56.53 72.72 74.60 85.33 89.95 80.72
397.00 65.34 39.98 56.53 72.72 74.60 85.33 89.95 80.72
398.00 65.34 39.98 56.53 72.72 74.60 85.33 89.95 80.72
399.00 65.34 39.98 56.53 72.72 74.60 85.33 89.95 80.72
400.00 65.41 40.23 56.76 72.78 74.69 85.16 89.61 80.83
401.00 65.41 40.23 56.76 72.78 74.69 85.16 89.61 80.83
402.00 65.41 40.23 56.76 72.78 74.69 85.16 89.61 80.83
403.00 65.41 40.23 56.76 72.78 74.69 85.16 89.61 80.83
404.00 65.41 40.23 56.76 72.78 74.69 85.16 89.61 80.83
405.00 65.62 39.94 56.69 72.67 74.45 85.09 89.57 80.74
406.00 65.62 39.94 56.69 72.67 74.45 85.09 89.57 80.74
407.00 65.62 39.94 56.69 72.67 74.45 85.09 89.57 80.74
408.00 65.62 39.94 56.69 72.67 74.45 85.09 89.57 80.74
409.00 65.62 39.94 56.69 72.67 74.45 85.09 89.57 80.74
410.00 65.36 40.02 56.69 72.78 74.75 85.67 89.68 80.41
411.00 65.36 40.02 56.69 72.78 74.75 85.67 89.68 80.41
412.00 65.36 40.02 56.69 72.78 74.75 85.67 89.68 80.41
413.00 65.36 40.02 56.69 72.78 74.75 85.67 89.68 80.41
414.00 65.36 40.02 56.69 72.78 74.75 85.67 89.68 80.41
415.00 65.34 39.97 56.71 72.74 74.59 85.62 89.64 80.67
416.00 65.34 39.97 56.71 72.74 74.59 85.62 89.64 80.67
417.00 65.34 39.97 56.71 72.74 74.59 85.62 89.64 80.67
418.00 65.34 39.97 56.71 72.74 74.59 85.62 89.64 80.67
419.00 65.34 39.97 56.71 72.74 74.59 85.62 89.64 80.67
420.00 65.50 40.36 56.72 72.59 74.59 84.81 89.63 80.56
421.00 65.50 40.36 56.72 72.59 74.59 84.81 89.63 80.56
422.00 65.50 40.36 56.72 72.59 74.59 84.81 89.63 80.56
423.00 65.50 40.36 56.72 72.59 74.59 84.81 89.63 80.56
424.00 65.50 40.36 56.72 72.59 74.59 84.81 89.63 80.56
425.00 65.52 40.29 56.74 72.94 74.55 85.03 89.22 80.95
426.00 65.52 40.29 56.74 72.94 74.55 85.03 89.22 80.95
427.00 65.52 40.29 56.74 72.94 74.55 85.03 89.22 80.95
428.00 65.52 40.29 56.74 72.94 74.55 85.03 89.22 80.95
429.00 65.52 40.29 56.74 72.94 74.55 85.03 89.22 80.95
430.00 65.91 40.30 57.03 72.84 74.63 85.43 89.92 80.48
431.00 65.91 40.30 57.03 72.84 74.63 85.43 89.92 80.48
432.00 65.91 40.30 57.03 72.84 74.63 85.43 89.92 80.48
433.00 65.91 40.30 57.03 72.84 74.63 85.43 89.92 80.48
434.00 65.91 40.30 57.03 72.84 74.63 85.43 89.92 80.48
435.00 66.13 40.52 56.86 72.80 74.61 84.45 89.54 80.36
436.00 66.13 40.52 56.86 72.80 74.61 84.45 89.54 80.36
437.00 66.13 40.52 56.86 72.80 74.61 84.45 89.54 80.36
438.00 66.13 40.52 56.86 72.80 74.61 84.45 89.54 80.36
439.00 66.13 40.52 56.86 72.80 74.61 84.45 89.54 80.36
440.00 65.91 40.30 56.94 73.01 74.49 85.29 89.92 80.59
441.00 65.91 40.30 56.94 73.01 74.49 85.29 89.92 80.59
442.00 65.91 40.30 56.94 73.01 74.49 85.29 89.92 80.59
443.00 65.91 40.30 56.94 73.01 74.49 85.29 89.92 80.59
444.00 65.91 40.30 56.94 73.01 74.49 85.29 89.92 80.59
445.00 65.80 40.33 56.94 72.94 74.57 85.24 89.41 80.42
446.00 65.80 40.33 56.94 72.94 74.57 85.24 89.41 80.42
447.00 65.80 40.33 56.94 72.94 74.57 85.24 89.41 80.42
448.00 65.80 40.33 56.94 72.94 74.57 85.24 89.41 80.42
449.00 65.80 40.33 56.94 72.94 74.57 85.24 89.41 80.42
450.00 65.77 40.46 56.92 72.83 74.53 85.37 89.78 80.78
451.00 65.77 40.46 56.92 72.83 74.53 85.37 89.78 80.78
452.00 65.77 40.46 56.92 72.83 74.53 85.37 89.78 80.78
453.00 65.77 40.46 56.92 72.83 74.53 85.37 89.78 80.78
454.00 65.77 40.46 56.92 72.83 74.53 85.37 89.78 80.78
455.00 65.74 40.33 56.94 72.85 74.92 84.93 89.12 80.19
456.00 65.74 40.33 56.94 72.85 74.92 84.93 89.12 80.19
457.00 65.74 40.33 56.94 72.85 74.92 84.93 89.12 80.19
458.00 65.74 40.33 56.94 72.85 74.92 84.93 89.12 80.19
459.00 65.74 40.33 56.94 72.85 74.92 84.93 89.12 80.19
460.00 65.99 40.40 56.98 72.84 74.91 85.31 89.18 80.57
461.00 65.99 40.40 56.98 72.84 74.91 85.31 89.18 80.57
462.00 65.99 40.40 56.98 72.84 74.91 85.31 89.18 80.57
463.00 65.99 40.40 56.98 72.84 74.91 85.31 89.18 80.57
464.00 65.99 40.40 56.98 72.84 74.91 85.31 89.18 80.57
465.00 66.06 40.78 57.04 72.89 74.83 84.44 89.42 80.29
466.00 66.06 40.78 57.04 72.89 74.83 84.44 89.42 80.29
467.00 66.06 40.78 57.04 72.89 74.83 84.44 89.42 80.29
468.00 66.06 40.78 57.04 72.89 74.83 84.44 89.42 80.29
469.00 66.06 40.78 57.04 72.89 74.83 84.44 89.42 80.29
470.00 66.00 40.68 57.03 72.87 74.88 84.67 89.26 80.31
471.00 66.00 40.68 57.03 72.87 74.88 84.67 89.26 80.31
472.00 66.00 40.68 57.03 72.87 74.88 84.67 89.26 80.31
473.00 66.00 40.68 57.03 72.87 74.88 84.67 89.26 80.31
474.00 66.00 40.68 57.03 72.87 74.88 84.67 89.26 80.31
475.00 66.05 40.52 57.04 72.88 74.71 84.83 89.30 80.72
476.00 66.05 40.52 57.04 72.88 74.71 84.83 89.30 80.72
477.00 66.05 40.52 57.04 72.88 74.71 84.83 89.30 80.72
478.00 66.05 40.52 57.04 72.88 74.71 84.83 89.30 80.72
479.00 66.05 40.52 57.04 72.88 74.71 84.83 89.30 80.72
480.00 66.00 40.42 57.17 72.92 74.71 85.02 89.31 80.28
481.00 66.00 40.42 57.17 72.92 74.71 85.02 89.31 80.28
482.00 66.00 40.42 57.17 72.92 74.71 85.02 89.31 80.28
483.00 66.00 40.42 57.17 72.92 74.71 85.02 89.31 80.28
484.00 66.00 40.42 57.17 72.92 74.71 85.02 89.31 80.28
485.00 66.21 40.72 57.11 72.84 74.89 84.69 89.43 80.54
486.00 66.21 40.72 57.11 72.84 74.89 84.69 89.43 80.54
487.00 66.21 40.72 57.11 72.84 74.89 84.69 89.43 80.54
488.00 66.21 40.72 57.11 72.84 74.89 84.69 89.43 80.54
489.00 66.21 40.72 57.11 72.84 74.89 84.69 89.43 80.54
490.00 66.07 40.68 57.12 72.86 74.80 85.21 89.62 80.12
491.00 66.07 40.68 57.12 72.86 74.80 85.21 89.62 80.12
492.00 66.07 40.68 57.12 72.86 74.80 85.21 89.62 80.12
493.00 66.07 40.68 57.12 72.86 74.80 85.21 89.62 80.12
494.00 66.07 40.68 57.12 72.86 74.80 85.21 89.62 80.12
495.00 66.13 40.62 57.15 72.90 74.67 84.58 89.26 80.57
496.00 66.13 40.62 57.15 72.90 74.67 84.58 89.26 80.57
497.00 66.13 40.62 57.15 72.90 74.67 84.58 89.26 80.57
498.00 66.13 40.62 57.15 72.90 74.67 84.58 89.26 80.57
499.00 66.13 40.62 57.15 72.90 74.67 84.58 89.26 80.57
500.00 66.28 40.62 57.01 73.11 74.65 84.41 89.22 80.28
501.00 66.28 40.62 57.01 73.11 74.65 84.41 89.22 80.28
502.00 66.28 40.62 57.01 73.11 74.65 84.41 89.22 80.28
503.00 66.28 40.62 57.01 73.11 74.65 84.41 89.22 80.28
504.00 66.28 40.62 57.01 73.11 74.65 84.41 89.22 80.28
505.00 66.29 40.46 57.22 72.92 74.64 84.58 89.08 80.43
506.00 66.29 40.46 57.22 72.92 74.64 84.58 89.08 80.43
507.00 66.29 40.46 57.22 72.92 74.64 84.58 89.08 80.43
508.00 66.29 40.46 57.22 72.92 74.64 84.58 89.08 80.43
509.00 66.29 40.46 57.22 72.92 74.64 84.58 89.08 80.43
510.00 66.19 40.37 57.33 72.86 74.78 84.77 89.26 80.70
511.00 66.19 40.37 57.33 72.86 74.78 84.77 89.26 80.70
512.00 66.19 40.37 57.33 72.86 74.78 84.77 89.26 80.70
513.00 66.19 40.37 57.33 72.86 74.78 84.77 89.26 80.70
514.00 66.19 40.37 57.33 72.86 74.78 84.77 89.26 80.70
515.00 66.51 40.68 57.23 73.02 74.82 84.89 88.94 80.21
516.00 66.51 40.68 57.23 73.02 74.82 84.89 88.94 80.21
517.00 66.51 40.68 57.23 73.02 74.82 84.89 88.94 80.21
518.00 66.51 40.68 57.23 73.02 74.82 84.89 88.94 80.21
519.00 66.51 40.68 57.23 73.02 74.82 84.89 88.94 80.21
520.00 66.43 40.52 57.26 72.87 74.79 84.55 89.51 80.36
521.00 66.43 40.52 57.26 72.87 74.79 84.55 89.51 80.36
522.00 66.43 40.52 57.26 72.87 74.79 84.55 89.51 80.36
523.00 66.43 40.52 57.26 72.87 74.79 84.55 89.51 80.36
524.00 66.43 40.52 57.26 72.87 74.79 84.55 89.51 80.36
525.00 66.35 40.44 57.25 72.80 74.60 84.64 89.21 80.32
526.00 66.35 40.44 57.25 72.80 74.60 84.64 89.21 80.32
527.00 66.35 40.44 57.25 72.80 74.60 84.64 89.21 80.32
528.00 66.35 40.44 57.25 72.80 74.60 84.64 89.21 80.32
529.00 66.35 40.44 57.25 72.80 74.60 84.64 89.21 80.32
530.00 66.23 40.73 57.26 72.85 74.51 84.18 88.88 80.15
531.00 66.23 40.73 57.26 72.85 74.51 84.18 88.88 80.15
532.00 66.23 40.73 57.26 72.85 74.51 84.18 88.88 80.15
533.00 66.23 40.73 57.26 72.85 74.51 84.18 88.88 80.15
534.00 66.23 40.73 57.26 72.85 74.51 84.18 88.88 80.15
535.00 66.32 40.28 57.71 72.91 74.61 83.34 89.10 80.07
536.00 66.32 40.28 57.71 72.91 74.61 83.34 89.10 80.07
537.00 66.32 40.28 57.71 72.91 74.61 83.34 89.10 80.07
538.00 66.32 40.28 57.71 72.91 74.61 83.34 89.10 80.07
539.00 66.32 40.28 57.71 72.91 74.61 83.34 89.10 80.07
540.00 66.72 40.84 57.33 72.85 74.60 84.18 89.43 80.38
541.00 66.72 40.84 57.33 72.85 74.60 84.18 89.43 80.38
542.00 66.72 40.84 57.33 72.85 74.60 84.18 89.43 80.38
543.00 66.72 40.84 57.33 72.85 74.60 84.18 89.43 80.38
544.00 66.72 40.84 57.33 72.85 74.60 84.18 89.43 80.38
545.00 66.61 40.57 57.36 73.06 74.47 84.39 88.75 80.29
546.00 66.61 40.57 57.36 73.06 74.47 84.39 88.75 80.29
547.00 66.61 40.57 57.36 73.06 74.47 84.39 88.75 80.29
548.00 66.61 40.57 57.36 73.06 74.47 84.39 88.75 80.29
549.00 66.61 40.57 57.36 73.06 74.47 84.39 88.75 80.29
550.00 66.60 40.61 57.73 73.00 74.50 84.53 89.17 79.94
551.00 66.60 40.61 57.73 73.00 74.50 84.53 89.17 79.94
552.00 66.60 40.61 57.73 73.00 74.50 84.53 89.17 79.94
553.00 66.60 40.61 57.73 73.00 74.50 84.53 89.17 79.94
554.00 66.60 40.61 57.73 73.00 74.50 84.53 89.17 79.94
555.00 66.60 40.42 57.57 72.82 74.44 84.54 89.29 80.01
556.00 66.60 40.42 57.57 72.82 74.44 84.54 89.29 80.01
557.00 66.60 40.42 57.57 72.82 74.44 84.54 89.29 80.01
558.00 66.60 40.42 57.57 72.82 74.44 84.54 89.29 80.01
559.00 66.60 40.42 57.57 72.82 74.44 84.54 89.29 80.01
560.00 66.86 40.76 57.81 72.86 74.44 84.69 88.91 79.93
561.00 66.86 40.76 57.81 72.86 74.44 84.69 88.91 79.93
562.00 66.86 40.76 57.81 72.86 74.44 84.69 88.91 79.93
563.00 66.86 40.76 57.81 72.86 74.44 84.69 88.91 79.93
564.00 66.86 40.76 57.81 72.86 74.44 84.69 88.91 79.93
565.00 66.79 40.58 57.41 72.87 74.58 83.81 88.47 79.94
566.00 66.79 40.58 57.41 72.87 74.58 83.81 88.47 79.94
567.00 66.79 40.58 57.41 72.87 74.58 83.81 88.47 79.94
568.00 66.79 40.58 57.41 72.87 74.58 83.81 88.47 79.94
569.00 66.79 40.58 57.41 72.87 74.58 83.81 88.47 79.94
570.00 66.64 40.68 57.58 72.66 74.47 84.43 88.62 79.93
571.00 66.64 40.68 57.58 72.66 74.47 84.43 88.62 79.93
572.00 66.64 40.68 57.58 72.66 74.47 84.43 88.62 79.93
573.00 66.64 40.68 57.58 72.66 74.47 84.43 88.62 79.93
574.00 66.64 40.68 57.58 72.66 74.47 84.43 88.62 79.93
575.00 66.99 40.68 57.44 73.01 74.44 84.17 89.00 80.04
576.00 66.99 40.68 57.44 73.01 74.44 84.17 89.00 80.04
577.00 66.99 40.68 57.44 73.01 74.44 84.17 89.00 80.04
578.00 66.99 40.68 57.44 73.01 74.44 84.17 89.00 80.04
579.00 66.99 40.68 57.44 73.01 74.44 84.17 89.00 80.04
580.00 66.90 40.71 57.43 72.94 74.42 84.37 88.92 80.52
581.00 66.90 40.71 57.43 72.94 74.42 84.37 88.92 80.52
582.00 66.90 40.71 57.43 72.94 74.42 84.37 88.92 80.52
583.00 66.90 40.71 57.43 72.94 74.42 84.37 88.92 80.52
584.00 66.90 40.71 57.43 72.94 74.42 84.37 88.92 80.52
585.00 66.65 40.44 57.55 72.68 74.41 84.18 88.73 80.01
586.00 66.65 40.44 57.55 72.68 74.41 84.18 88.73 80.01
587.00 66.65 40.44 57.55 72.68 74.41 84.18 88.73 80.01
588.00 66.65 40.44 57.55 72.68 74.41 84.18 88.73 80.01
589.00 66.65 40.44 57.55 72.68 74.41 84.18 88.73 80.01
590.00 66.69 40.64 57.68 73.22 74.92 83.68 88.71 79.74
591.00 66.69 40.64 57.68 73.22 74.92 83.68 88.71 79.74
592.00 66.69 40.64 57.68 73.22 74.92 83.68 88.71 79.74
593.00 66.69 40.64 57.68 73.22 74.92 83.68 88.71 79.74
594.00 66.69 40.64 57.68 73.22 74.92 83.68 88.71 79.74
595.00 66.73 40.21 57.84 72.93 74.54 84.10 88.55 80.36
596.00 66.73 40.21 57.84 72.93 74.54 84.10 88.55 80.36
597.00 66.73 40.21 57.84 72.93 74.54 84.10 88.55 80.36
598.00 66.73 40.21 57.84 72.93 74.54 84.10 88.55 80.36
599.00 66.73 40.21 57.84 72.93 74.54 84.10 88.55 80.36
600.00 66.70 40.69 58.27 73.22 74.37 84.61 88.81 79.83
601.00 66.70 40.69 58.27 73.22 74.37 84.61 88.81 79.83
602.00 66.70 40.69 58.27 73.22 74.37 84.61 88.81 79.83
603.00 66.70 40.69 58.27 73.22 74.37 84.61 88.81 79.83
604.00 66.70 40.69 58.27 73.22 74.37 84.61 88.81 79.83
605.00 66.83 40.48 57.47 73.13 74.41 83.39 88.58 79.62
606.00 66.83 40.48 57.47 73.13 74.41 83.39 88.58 79.62
607.00 66.83 40.48 57.47 73.13 74.41 83.39 88.58 79.62
608.00 66.83 40.48 57.47 73.13 74.41 83.39 88.58 79.62
609.00 66.83 40.48 57.47 73.13 74.41 83.39 88.58 79.62
610.00 66.83 40.65 57.47 72.80 74.49 84.09 88.97 80.01
611.00 66.83 40.65 57.47 72.80 74.49 84.09 88.97 80.01
612.00 66.83 40.65 57.47 72.80 74.49 84.09 88.97 80.01
613.00 66.83 40.65 57.47 72.80 74.49 84.09 88.97 80.01
614.00 66.83 40.65 57.47 72.80 74.49 84.09 88.97 80.01
615.00 66.96 40.71 57.57 72.60 74.48 83.56 88.63 80.13
616.00 66.96 40.71 57.57 72.60 74.48 83.56 88.63 80.13
617.00 66.96 40.71 57.57 72.60 74.48 83.56 88.63 80.13
618.00 66.96 40.71 57.57 72.60 74.48 83.56 88.63 80.13
619.00 66.96 40.71 57.57 72.60 74.48 83.56 88.63 80.13
620.00 67.02 40.46 57.72 72.95 74.53 84.21 88.06 80.50
621.00 67.02 40.46 57.72 72.95 74.53 84.21 88.06 80.50
622.00 67.02 40.46 57.72 72.95 74.53 84.21 88.06 80.50
623.00 67.02 40.46 57.72 72.95 74.53 84.21 88.06 80.50
624.00 67.02 40.46 57.72 72.95 74.53 84.21 88.06 80.50
625.00 66.77 40.86 57.40 72.79 74.47 83.76 88.61 80.06
626.00 66.77 40.86 57.40 72.79 74.47 83.76 88.61 80.06
627.00 66.77 40.86 57.40 72.79 74.47 83.76 88.61 80.06
628.00 66.77 40.86 57.40 72.79 74.47 83.76 88.61 80.06
629.00 66.77 40.86 57.40 72.79 74.47 83.76 88.61 80.06
630.00 66.96 40.59 57.53 72.74 74.58 83.62 88.50 79.88
631.00 66.96 40.59 57.53 72.74 74.58 83.62 88.50 79.88
632.00 66.96 40.59 57.53 72.74 74.58 83.62 88.50 79.88
633.00 66.96 40.59 57.53 72.74 74.58 83.62 88.50 79.88
634.00 66.96 40.59 57.53 72.74 74.58 83.62 88.50 79.88
635.00 67.14 40.75 57.65 72.71 74.31 84.13 88.80 79.71
636.00 67.14 40.75 57.65 72.71 74.31 84.13 88.80 79.71
637.00 67.14 40.75 57.65 72.71 74.31 84.13 88.80 79.71
638.00 67.14 40.75 57.65 72.71 74.31 84.13 88.80 79.71
639.00 67.14 40.75 57.65 72.71 74.31 84.13 88.80 79.71
640.00 67.07 40.28 57.44 72.89 74.34 84.08 88.85 80.00
641.00 67.07 40.28 57.44 72.89 74.34 84.08 88.85 80.00
642.00 67.07 40.28 57.44 72.89 74.34 84.08 88.85 80.00
643.00 67.07 40.28 57.44 72.89 74.34 84.08 88.85 80.00
644.00 67.07 40.28 57.44 72.89 74.34 84.08 88.85 80.00
645.00 66.91 40.63 57.57 72.88 74.30 82.75 88.46 79.36
646.00 66.91 40.63 57.57 72.88 74.30 82.75 88.46 79.36
647.00 66.91 40.63 57.57 72.88 74.30 82.75 88.46 79.36
648.00 66.91 40.63 57.57 72.88 74.30 82.75 88.46 79.36
649.00 66.91 40.63 57.57 72.88 74.30 82.75 88.46 79.36
650.00 66.99 40.65 57.54 72.73 74.25 83.97 88.52 80.01
651.00 66.99 40.65 57.54 72.73 74.25 83.97 88.52 80.01
652.00 66.99 40.65 57.54 72.73 74.25 83.97 88.52 80.01
653.00 66.99 40.65 57.54 72.73 74.25 83.97 88.52 80.01
654.00 66.99 40.65 57.54 72.73 74.25 83.97 88.52 80.01
655.00 67.01 40.67 57.93 72.67 74.29 84.02 88.40 79.99
656.00 67.01 40.67 57.93 72.67 74.29 84.02 88.40 79.99
657.00 67.01 40.67 57.93 72.67 74.29 84.02 88.40 79.99
658.00 67.01 40.67 57.93 72.67 74.29 84.02 88.40 79.99
659.00 67.01 40.67 57.93 72.67 74.29 84.02 88.40 79.99
660.00 66.92 40.44 57.57 72.45 74.35 84.01 88.67 79.92
661.00 66.92 40.44 57.57 72.45 74.35 84.01 88.67 79.92
662.00 66.92 40.44 57.57 72.45 74.35 84.01 88.67 79.92
663.00 66.92 40.44 57.57 72.45 74.35 84.01 88.67 79.92
664.00 66.92 40.44 57.57 72.45 74.35 84.01 88.67 79.92
665.00 67.06 40.57 57.53 72.64 74.37 82.92 87.90 79.50
666.00 67.06 40.57 57.53 72.64 74.37 82.92 87.90 79.50
667.00 67.06 40.57 57.53 72.64 74.37 82.92 87.90 79.50
668.00 67.06 40.57 57.53 72.64 74.37 82.92 87.90 79.50
669.00 67.06 40.57 57.53 72.64 74.37 82.92 87.90 79.50
670.00 66.83 40.20 57.42 72.77 74.33 83.35 88.99 79.47
671.00 66.83 40.20 57.42 72.77 74.33 83.35 88.99 79.47
672.00 66.83 40.20 57.42 72.77 74.33 83.35 88.99 79.47
673.00 66.83 40.20 57.42 72.77 74.33 83.35 88.99 79.47
674.00 66.83 40.20 57.42 72.77 74.33 83.35 88.99 79.47
675.00 66.74 40.58 57.41 72.68 74.24 83.11 88.52 80.07
676.00 66.74 40.58 57.41 72.68 74.24 83.11 88.52 80.07
677.00 66.74 40.58 57.41 72.68 74.24 83.11 88.52 80.07
678.00 66.74 40.58 57.41 72.68 74.24 83.11 88.52 80.07
679.00 66.74 40.58 57.41 72.68 74.24 83.11 88.52 80.07
680.00 67.16 40.53 57.23 72.60 74.35 84.00 88.58 79.89
681.00 67.16 40.53 57.23 72.60 74.35 84.00 88.58 79.89
682.00 67.16 40.53 57.23 72.60 74.35 84.00 88.58 79.89
683.00 67.16 40.53 57.23 72.60 74.35 84.00 88.58 79.89
684.00 67.16 40.53 57.23 72.60 74.35 84.00 88.58 79.89
685.00 67.32 40.53 57.40 72.70 74.31 83.42 88.26 79.62
686.00 67.32 40.53 57.40 72.70 74.31 83.42 88.26 79.62
687.00 67.32 40.53 57.40 72.70 74.31 83.42 88.26 79.62
688.00 67.32 40.53 57.40 72.70 74.31 83.42 88.26 79.62
689.00 67.32 40.53 57.40 72.70 74.31 83.42 88.26 79.62
690.00 67.00 40.43 57.48 72.50 74.07 83.08 88.32 80.04
691.00 67.00 40.43 57.48 72.50 74.07 83.08 88.32 80.04
692.00 67.00 40.43 57.48 72.50 74.07 83.08 88.32 80.04
693.00 67.00 40.43 57.48 72.50 74.07 83.08 88.32 80.04
694.00 67.00 40.43 57.48 72.50 74.07 83.08 88.32 80.04
695.00 67.17 40.50 57.48 72.62 74.33 83.79 88.19 80.13
696.00 67.17 40.50 57.48 72.62 74.33 83.79 88.19 80.13
697.00 67.17 40.50 57.48 72.62 74.33 83.79 88.19 80.13
698.00 67.17 40.50 57.48 72.62 74.33 83.79 88.19 80.13
699.00 67.17 40.50 57.48 72.62 74.33 83.79 88.19 80.13
700.00 67.01 40.19 57.27 72.73 74.18 83.55 88.18 79.91
701.00 67.01 40.19 57.27 72.73 74.18 83.55 88.18 79.91
702.00 67.01 40.19 57.27 72.73 74.18 83.55 88.18 79.91
703.00 67.01 40.19 57.27 72.73 74.18 83.55 88.18 79.91
704.00 67.01 40.19 57.27 72.73 74.18 83.55 88.18 79.91
705.00 67.06 40.58 57.50 72.49 74.15 83.35 88.04 79.36
706.00 67.06 40.58 57.50 72.49 74.15 83.35 88.04 79.36
707.00 67.06 40.58 57.50 72.49 74.15 83.35 88.04 79.36
708.00 67.06 40.58 57.50 72.49 74.15 83.35 88.04 79.36
709.00 67.06 40.58 57.50 72.49 74.15 83.35 88.04 79.36
710.00 67.10 40.42 57.57 72.79 73.96 83.19 88.54 79.80
711.00 67.10 40.42 57.57 72.79 73.96 83.19 88.54 79.80
712.00 67.10 40.42 57.57 72.79 73.96 83.19 88.54 79.80
713.00 67.10 40.42 57.57 72.79 73.96 83.19 88.54 79.80
714.00 67.10 40.42 57.57 72.79 73.96 83.19 88.54 79.80
715.00 67.20 40.56 57.31 72.65 74.09 83.71 87.66 79.82
716.00 67.20 40.56 57.31 72.65 74.09 83.71 87.66 79.82
717.00 67.20 40.56 57.31 72.65 74.09 83.71 87.66 79.82
718.00 67.20 40.56 57.31 72.65 74.09 83.71 87.66 79.82
719.00 67.20 40.56 57.31 72.65 74.09 83.71 87.66 79.82
720.00 67.16 40.68 57.35 72.59 73.88 83.49 88.41 79.80
721.00 67.16 40.68 57.35 72.59 73.88 83.49 88.41 79.80
722.00 67.16 40.68 57.35 72.59 73.88 83.49 88.41 79.80
723.00 67.16 40.68 57.35 72.59 73.88 83.49 88.41 79.80
724.00 67.16 40.68 57.35 72.59 73.88 83.49 88.41 79.80
725.00 67.24 40.55 57.27 72.53 74.29 83.45 88.21 79.44
726.00 67.24 40.55 57.27 72.53 74.29 83.45 88.21 79.44
727.00 67.24 40.55 57.27 72.53 74.29 83.45 88.21 79.44
728.00 67.24 40.55 57.27 72.53 74.29 83.45 88.21 79.44
729.00 67.24 40.55 57.27 72.53 74.29 83.45 88.21 79.44
730.00 67.31 40.34 57.29 72.57 74.13 82.73 88.12 79.77
731.00 67.31 40.34 57.29 72.57 74.13 82.73 88.12 79.77
732.00 67.31 40.34 57.29 72.57 74.13 82.73 88.12 79.77
733.00 67.31 40.34 57.29 72.57 74.13 82.73 88.12 79.77
734.00 67.31 40.34 57.29 72.57 74.13 82.73 88.12 79.77
735.00 67.26 40.63 57.31 72.43 73.98 82.83 88.01 79.55
736.00 67.26 40.63 57.31 72.43 73.98 82.83 88.01 79.55
737.00 67.26 40.63 57.31 72.43 73.98 82.83 88.01 79.55
738.00 67.26 40.63 57.31 72.43 73.98 82.83 88.01 79.55
739.00 67.26 40.63 57.31 72.43 73.98 82.83 88.01 79.55
740.00 67.61 40.59 57.15 72.55 73.96 83.62 88.09 79.74
741.00 67.61 40.59 57.15 72.55 73.96 83.62 88.09 79.74
742.00 67.61 40.59 57.15 72.55 73.96 83.62 88.09 79.74
743.00 67.61 40.59 57.15 72.55 73.96 83.62 88.09 79.74
744.00 67.61 40.59 57.15 72.55 73.96 83.62 88.09 79.74
745.00 67.12 40.19 57.31 72.74 73.93 83.06 88.13 79.25
746.00 67.12 40.19 57.31 72.74 73.93 83.06 88.13 79.25
747.00 67.12 40.19 57.31 72.74 73.93 83.06 88.13 79.25
748.00 67.12 40.19 57.31 72.74 73.93 83.06 88.13 79.25
749.00 67.12 40.19 57.31 72.74 73.93 83.06 88.13 79.25
750.00 67.36 40.73 57.36 72.55 74.09 82.96 88.35 79.56
751.00 67.36 40.73 57.36 72.55 74.09 82.96 88.35 79.56
752.00 67.36 40.73 57.36 72.55 74.09 82.96 88.35 79.56
753.00 67.36 40.73 57.36 72.55 74.09 82.96 88.35 79.56
754.00 67.36 40.73 57.36 72.55 74.09 82.96 88.35 79.56
755.00 67.35 40.58 57.08 72.44 73.85 83.30 88.00 79.61
756.00 67.35 40.58 57.08 72.44 73.85 83.30 88.00 79.61
757.00 67.35 40.58 57.08 72.44 73.85 83.30 88.00 79.61
758.00 67.35 40.58 57.08 72.44 73.85 83.30 88.00 79.61
759.00 67.35 40.58 57.08 72.44 73.85 83.30 88.00 79.61
760.00 67.60 40.34 57.22 72.52 73.90 83.26 87.57 79.50
761.00 67.60 40.34 57.22 72.52 73.90 83.26 87.57 79.50
762.00 67.60 40.34 57.22 72.52 73.90 83.26 87.57 79.50
763.00 67.60 40.34 57.22 72.52 73.90 83.26 87.57 79.50
764.00 67.60 40.34 57.22 72.52 73.90 83.26 87.57 79.50
765.00 67.35 40.51 57.19 72.31 73.87 83.18 87.89 79.09
766.00 67.35 40.51 57.19 72.31 73.87 83.18 87.89 79.09
767.00 67.35 40.51 57.19 72.31 73.87 83.18 87.89 79.09
768.00 67.35 40.51 57.19 72.31 73.87 83.18 87.89 79.09
769.00 67.35 40.51 57.19 72.31 73.87 83.18 87.89 79.09
770.00 67.13 40.29 57.15 72.54 74.13 83.05 87.62 79.57
771.00 67.13 40.29 57.15 72.54 74.13 83.05 87.62 79.57
772.00 67.13 40.29 57.15 72.54 74.13 83.05 87.62 79.57
773.00 67.13 40.29 57.15 72.54 74.13 83.05 87.62 79.57
774.00 67.13 40.29 57.15 72.54 74.13 83.05 87.62 79.57
775.00 67.26 40.37 57.20 72.52 74.11 82.62 87.99 79.57
776.00 67.26 40.37 57.20 72.52 74.11 82.62 87.99 79.57
777.00 67.26 40.37 57.20 72.52 74.11 82.62 87.99 79.57
778.00 67.26 40.37 57.20 72.52 74.11 82.62 87.99 79.57
779.00 67.26 40.37 57.20 72.52 74.11 82.62 87.99 79.57
780.00 67.21 40.63 57.30 72.29 73.77 83.32 87.66 79.41
781.00 67.21 40.63 57.30 72.29 73.77 83.32 87.66 79.41
782.00 67.21 40.63 57.30 72.29 73.77 83.32 87.66 79.41
783.00 67.21 40.63 57.30 72.29 73.77 83.32 87.66 79.41
784.00 67.21 40.63 57.30 72.29 73.77 83.32 87.66 79.41
785.00 67.34 40.60 57.11 72.53 74.12 83.01 87.78 79.29
786.00 67.34 40.60 57.11 72.53 74.12 83.01 87.78 79.29
787.00 67.34 40.60 57.11 72.53 74.12 83.01 87.78 79.29
788.00 67.34 40.60 57.11 72.53 74.12 83.01 87.78 79.29
789.00 67.34 40.60 57.11 72.53 74.12 83.01 87.78 79.29
790.00 67.47 40.33 57.19 72.59 73.94 83.38 87.94 79.31
791.00 67.47 40.33 57.19 72.59 73.94 83.38 87.94 79.31
792.00 67.47 40.33 57.19 72.59 73.94 83.38 87.94 79.31
793.00 67.47 40.33 57.19 72.59 73.94 83.38 87.94 79.31
794.00 67.47 40.33 57.19 72.59 73.94 83.38 87.94 79.31
795.00 67.49 39.94 57.14 72.51 73.97 82.94 87.60 79.26
796.00 67.49 39.94 57.14 72.51 73.97 82.94 87.60 79.26
797.00 67.49 39.94 57.14 72.51 73.97 82.94 87.60 79.26
798.00 67.49 39.94 57.14 72.51 73.97 82.94 87.60 79.26
799.00 67.49 39.94 57.14 72.51 73.97 82.94 87.60 79.26
800.00 67.98 40.34 56.97 72.70 73.74 83.08 87.30 79.55
801.00 67.98 40.34 56.97 72.70 73.74 83.08 87.30 79.55
802.00 67.98 40.34 56.97 72.70 73.74 83.08 87.30 79.55
803.00 67.98 40.34 56.97 72.70 73.74 83.08 87.30 79.55
804.00 67.98 40.34 56.97 72.70 73.74 83.08 87.30 79.55
805.00 67.80 40.49 57.41 72.49 73.96 82.67 87.66 79.19
806.00 67.80 40.49 57.41 72.49 73.96 82.67 87.66 79.19
807.00 67.80 40.49 57.41 72.49 73.96 82.67 87.66 79.19
808.00 67.80 40.49 57.41 72.49 73.96 82.67 87.66 79.19
809.00 67.80 40.49 57.41 72.49 73.96 82.67 87.66 79.19
810.00 67.41 40.33 57.33 72.52 73.91 83.24 87.94 79.29
811.00 67.41 40.33 57.33 72.52 73.91 83.24 87.94 79.29
812.00 67.41 40.33 57.33 72.52 73.91 83.24 87.94 79.29
813.00 67.41 40.33 57.33 72.52 73.91 83.24 87.94 79.29
814.00 67.41 40.33 57.33 72.52 73.91 83.24 87.94 79.29
815.00 67.28 40.37 57.35 72.45 73.72 82.51 87.69 79.09
816.00 67.28 40.37 57.35 72.45 73.72 82.51 87.69 79.09
817.00 67.28 40.37 57.35 72.45 73.72 82.51 87.69 79.09
818.00 67.28 40.37 57.35 72.45 73.72 82.51 87.69 79.09
819.00 67.28 40.37 57.35 72.45 73.72 82.51 87.69 79.09
820.00 67.22 40.02 57.10 72.38 73.80 82.34 87.57 79.43
821.00 67.22 40.02 57.10 72.38 73.80 82.34 87.57 79.43
822.00 67.22 40.02 57.10 72.38 73.80 82.34 87.57 79.43
823.00 67.22 40.02 57.10 72.38 73.80 82.34 87.57 79.43
824.00 67.22 40.02 57.10 72.38 73.80 82.34 87.57 79.43
825.00 67.74 40.34 57.09 72.45 73.67 82.90 87.72 78.82
826.00 67.74 40.34 57.09 72.45 73.67 82.90 87.72 78.82
827.00 67.74 40.34 57.09 72.45 73.67 82.90 87.72 78.82
828.00 67.74 40.34 57.09 72.45 73.67 82.90 87.72 78.82
829.00 67.74 40.34 57.09 72.45 73.67 82.90 87.72 78.82
830.00 67.56 40.34 56.92 72.45 73.70 82.56 87.09 79.50
831.00 67.56 40.34 56.92 72.45 73.70 82.56 87.09 79.50
832.00 67.56 40.34 56.92 72.45 73.70 82.56 87.09 79.50
833.00 67.56 40.34 56.92 72.45 73.70 82.56 87.09 79.50
834.00 67.56 40.34 56.92 72.45 73.70 82.56 87.09 79.50
835.00 67.48 40.42 57.46 72.39 73.80 82.60 87.76 79.35
836.00 67.48 40.42 57.46 72.39 73.80 82.60 87.76 79.35
837.00 67.48 40.42 57.46 72.39 73.80 82.60 87.76 79.35
838.00 67.48 40.42 57.46 72.39 73.80 82.60 87.76 79.35
839.00 67.48 40.42 57.46 72.39 73.80 82.60 87.76 79.35
840.00 67.91 40.22 57.16 72.37 73.54 82.26 87.68 79.22
841.00 67.91 40.22 57.16 72.37 73.54 82.26 87.68 79.22
842.00 67.91 40.22 57.16 72.37 73.54 82.26 87.68 79.22
843.00 67.91 40.22 57.16 72.37 73.54 82.26 87.68 79.22
844.00 67.91 40.22 57.16 72.37 73.54 82.26 87.68 79.22
845.00 67.65 40.36 57.10 72.58 73.92 82.96 86.92 79.19
846.00 67.65 40.36 57.10 72.58 73.92 82.96 86.92 79.19
847.00 67.65 40.36 57.10 72.58 73.92 82.96 86.92 79.19
848.00 67.65 40.36 57.10 72.58 73.92 82.96 86.92 79.19
849.00 67.65 40.36 57.10 72.58 73.92 82.96 86.92 79.19
850.00 67.53 39.88 57.13 72.49 73.64 82.43 86.94 79.00
851.00 67.53 39.88 57.13 72.49 73.64 82.43 86.94 79.00
852.00 67.53 39.88 57.13 72.49 73.64 82.43 86.94 79.00
853.00 67.53 39.88 57.13 72.49 73.64 82.43 86.94 79.00
854.00 67.53 39.88 57.13 72.49 73.64 82.43 86.94 79.00
855.00 67.44 40.22 57.16 72.47 73.74 82.72 87.54 79.39
856.00 67.44 40.22 57.16 72.47 73.74 82.72 87.54 79.39
857.00 67.44 40.22 57.16 72.47 73.74 82.72 87.54 79.39
858.00 67.44 40.22 57.16 72.47 73.74 82.72 87.54 79.39
859.00 67.44 40.22 57.16 72.47 73.74 82.72 87.54 79.39
860.00 67.60 40.02 57.06 72.62 73.81 81.45 87.17 79.27
861.00 67.60 40.02 57.06 72.62 73.81 81.45 87.17 79.27
862.00 67.60 40.02 57.06 72.62 73.81 81.45 87.17 79.27
863.00 67.60 40.02 57.06 72.62 73.81 81.45 87.17 79.27
864.00 67.60 40.02 57.06 72.62 73.81 81.45 87.17 79.27
865.00 67.55 40.15 57.28 72.48 73.69 82.64 87.62 78.86
866.00 67.55 40.15 57.28 72.48 73.69 82.64 87.62 78.86
867.00 67.55 40.15 57.28 72.48 73.69 82.64 87.62 78.86
868.00 67.55 40.15 57.28 72.48 73.69 82.64 87.62 78.86
869.00 67.55 40.15 57.28 72.48 73.69 82.64 87.62 78.86
870.00 67.44 39.96 57.00 72.35 73.73 81.67 86.99 79.20
871.00 67.44 39.96 57.00 72.35 73.73 81.67 86.99 79.20
872.00 67.44 39.96 57.00 72.35 73.73 81.67 86.99 79.20
873.00 67.44 39.96 57.00 72.35 73.73 81.67 86.99 79.20
874.00 67.44 39.96 57.00 72.35 73.73 81.67 86.99 79.20
875.00 67.26 40.12 56.98 72.58 73.80 82.75 87.56 78.82
876.00 67.26 40.12 56.98 72.58 73.80 82.75 87.56 78.82
877.00 67.26 40.12 56.98 72.58 73.80 82.75 87.56 78.82
878.00 67.26 40.12 56.98 72.58 73.80 82.75 87.56 78.82
879.00 67.26 40.12 56.98 72.58 73.80 82.75 87.56 78.82
880.00 67.29 39.79 57.27 72.37 73.64 82.11 86.97 79.17
881.00 67.29 39.79 57.27 72.37 73.64 82.11 86.97 79.17
882.00 67.29 39.79 57.27 72.37 73.64 82.11 86.97 79.17
883.00 67.29 39.79 57.27 72.37 73.64 82.11 86.97 79.17
884.00 67.29 39.79 57.27 72.37 73.64 82.11 86.97 79.17
885.00 67.43 40.23 57.00 72.17 73.62 82.31 87.27 79.01
886.00 67.43 40.23 57.00 72.17 73.62 82.31 87.27 79.01
887.00 67.43 40.23 57.00 72.17 73.62 82.31 87.27 79.01
888.00 67.43 40.23 57.00 72.17 73.62 82.31 87.27 79.01
889.00 67.43 40.23 57.00 72.17 73.62 82.31 87.27 79.01
890.00 67.47 40.34 56.95 72.63 73.71 82.06 87.36 79.36
891.00 67.47 40.34 56.95 72.63 73.71 82.06 87.36 79.36
892.00 67.47 40.34 56.95 72.63 73.71 82.06 87.36 79.36
893.00 67.47 40.34 56.95 72.63 73.71 82.06 87.36 79.36
894.00 67.47 40.34 56.95 72.63 73.71 82.06 87.36 79.36
895.00 67.51 40.46 56.92 72.51 73.63 81.93 87.25 78.84
896.00 67.51 40.46 56.92 72.51 73.63 81.93 87.25 78.84
897.00 67.51 40.46 56.92 72.51 73.63 81.93 87.25 78.84
898.00 67.51 40.46 56.92 72.51 73.63 81.93 87.25 78.84
899.00 67.51 40.46 56.92 72.51 73.63 81.93 87.25 78.84
900.00 67.95 40.06 56.88 72.22 73.60 82.67 87.08 79.29
901.00 67.95 40.06 56.88 72.22 73.60 82.67 87.08 79.29
902.00 67.95 40.06 56.88 72.22 73.60 82.67 87.08 79.29
903.00 67.95 40.06 56.88 72.22 73.60 82.67 87.08 79.29
904.00 67.95 40.06 56.88 72.22 73.60 82.67 87.08 79.29
905.00 67.77 40.39 56.92 72.51 73.62 81.90 87.31 78.68
906.00 67.77 40.39 56.92 72.51 73.62 81.90 87.31 78.68
907.00 67.77 40.39 56.92 72.51 73.62 81.90 87.31 78.68
908.00 67.77 40.39 56.92 72.51 73.62 81.90 87.31 78.68
909.00 67.77 40.39 56.92 72.51 73.62 81.90 87.31 78.68
910.00 67.64 40.65 56.88 72.43 73.57 82.39 87.59 78.77
911.00 67.64 40.65 56.88 72.43 73.57 82.39 87.59 78.77
912.00 67.64 40.65 56.88 72.43 73.57 82.39 87.59 78.77
913.00 67.64 40.65 56.88 72.43 73.57 82.39 87.59 78.77
914.00 67.64 40.65 56.88 72.43 73.57 82.39 87.59 78.77
915.00 67.64 40.45 56.92 72.59 73.58 81.45 87.69 79.01
916.00 67.64 40.45 56.92 72.59 73.58 81.45 87.69 79.01
917.00 67.64 40.45 56.92 72.59 73.58 81.45 87.69 79.01
918.00 67.64 40.45 56.92 72.59 73.58 81.45 87.69 79.01
919.00 67.64 40.45 56.92 72.59 73.58 81.45 87.69 79.01
920.00 67.78 40.41 56.85 72.38 73.47 82.37 87.43 78.82
921.00 67.78 40.41 56.85 72.38 73.47 82.37 87.43 78.82
922.00 67.78 40.41 56.85 72.38 73.47 82.37 87.43 78.82
923.00 67.78 40.41 56.85 72.38 73.47 82.37 87.43 78.82
924.00 67.78 40.41 56.85 72.38 73.47 82.37 87.43 78.82
925.00 67.74 39.99 56.90 72.39 73.52 82.26 87.20 79.22
926.00 67.74 39.99 56.90 72.39 73.52 82.26 87.20 79.22
927.00 67.74 39.99 56.90 72.39 73.52 82.26 87.20 79.22
928.00 67.74 39.99 56.90 72.39 73.52 82.26 87.20 79.22
929.00 67.74 39.99 56.90 72.39 73.52 82.26 87.20 79.22
930.00 67.74 40.64 56.94 72.39 73.41 81.68 87.05 78.61
931.00 67.74 40.64 56.94 72.39 73.41 81.68 87.05 78.61
932.00 67.74 40.64 56.94 72.39 73.41 81.68 87.05 78.61
933.00 67.74 40.64 56.94 72.39 73.41 81.68 87.05 78.61
934.00 67.74 40.64 56.94 72.39 73.41 81.68 87.05 78.61
935.00 67.79 40.44 56.71 72.29 73.41 82.34 86.97 79.19
936.00 67.79 40.44 56.71 72.29 73.41 82.34 86.97 79.19
937.00 67.79 40.44 56.71 72.29 73.41 82.34 86.97 79.19
938.00 67.79 40.44 56.71 72.29 73.41 82.34 86.97 79.19
939.00 67.79 40.44 56.71 72.29 73.41 82.34 86.97 79.19
940.00 67.68 40.53 56.86 72.28 73.50 82.02 86.60 79.16
941.00 67.68 40.53 56.86 72.28 73.50 82.02 86.60 79.16
942.00 67.68 40.53 56.86 72.28 73.50 82.02 86.60 79.16
943.00 67.68 40.53 56.86 72.28 73.50 82.02 86.60 79.16
944.00 67.68 40.53 56.86 72.28 73.50 82.02 86.60 79.16
945.00 67.68 40.16 56.83 72.28 73.39 81.82 86.54 79.15
946.00 67.68 40.16 56.83 72.28 73.39 81.82 86.54 79.15
947.00 67.68 40.16 56.83 72.28 73.39 81.82 86.54 79.15
948.00 67.68 40.16 56.83 72.28 73.39 81.82 86.54 79.15
949.00 67.68 40.16 56.83 72.28 73.39 81.82 86.54 79.15
950.00 67.83 40.27 56.78 72.28 73.37 81.60 87.03 78.80
951.00 67.83 40.27 56.78 72.28 73.37 81.60 87.03 78.80
952.00 67.83 40.27 56.78 72.28 73.37 81.60 87.03 78.80
953.00 67.83 40.27 56.78 72.28 73.37 81.60 87.03 78.80
954.00 67.83 40.27 56.78 72.28 73.37 81.60 87.03 78.80
955.00 67.69 39.91 56.82 72.23 73.42 82.12 86.76 79.00
956.00 67.69 39.91 56.82 72.23 73.42 82.12 86.76 79.00
957.00 67.69 39.91 56.82 72.23 73.42 82.12 86.76 79.00
958.00 67.69 39.91 56.82 72.23 73.42 82.12 86.76 79.00
959.00 67.69 39.91 56.82 72.23 73.42 82.12 86.76 79.00
960.00 67.99 40.62 56.82 72.24 73.34 81.92 86.68 78.34
961.00 67.99 40.62 56.82 72.24 73.34 81.92 86.68 78.34
962.00 67.99 40.62 56.82 72.24 73.34 81.92 86.68 78.34
963.00 67.99 40.62 56.82 72.24 73.34 81.92 86.68 78.34
964.00 67.99 40.62 56.82 72.24 73.34 81.92 86.68 78.34
965.00 67.70 40.31 56.61 72.42 73.52 81.71 86.56 79.11
966.00 67.70 40.31 56.61 72.42 73.52 81.71 86.56 79.11
967.00 67.70 40.31 56.61 72.42 73.52 81.71 86.56 79.11
968.00 67.70 40.31 56.61 72.42 73.52 81.71 86.56 79.11
969.00 67.70 40.31 56.61 72.42 73.52 81.71 86.56 79.11
970.00 67.76 40.50 56.80 72.40 73.36 81.92 87.23 78.72
971.00 67.76 40.50 56.80 72.40 73.36 81.92 87.23 78.72
972.00 67.76 40.50 56.80 72.40 73.36 81.92 87.23 78.72
973.00 67.76 40.50 56.80 72.40 73.36 81.92 87.23 78.72
974.00 67.76 40.50 56.80 72.40 73.36 81.92 87.23 78.72
975.00 67.71 40.05 56.76 72.22 73.35 81.75 86.77 78.94
976.00 67.71 40.05 56.76 72.22 73.35 81.75 86.77 78.94
977.00 67.71 40.05 56.76 72.22 73.35 81.75 86.77 78.94
978.00 67.71 40.05 56.76 72.22 73.35 81.75 86.77 78.94
979.00 67.71 40.05 56.76 72.22 73.35 81.75 86.77 78.94
980.00 67.90 40.18 56.58 72.23 73.29 81.43 86.95 78.74
981.00 67.90 40.18 56.58 72.23 73.29 81.43 86.95 78.74
982.00 67.90 40.18 56.58 72.23 73.29 81.43 86.95 78.74
983.00 67.90 40.18 56.58 72.23 73.29 81.43 86.95 78.74
984.00 67.90 40.18 56.58 72.23 73.29 81.43 86.95 78.74
985.00 67.86 40.10 56.96 72.32 73.42 81.51 87.10 79.12
986.00 67.86 40.10 56.96 72.32 73.42 81.51 87.10 79.12
987.00 67.86 40.10 56.96 72.32 73.42 81.51 87.10 79.12
988.00 67.86 40.10 56.96 72.32 73.42 81.51 87.10 79.12
989.00 67.86 40.10 56.96 72.32 73.42 81.51 87.10 79.12
990.00 67.70 39.99 56.83 72.21 73.30 81.78 87.11 78.73
991.00 67.70 39.99 56.83 72.21 73.30 81.78 87.11 78.73
992.00 67.70 39.99 56.83 72.21 73.30 81.78 87.11 78.73
993.00 67.70 39.99 56.83 72.21 73.30 81.78 87.11 78.73
994.00 67.70 39.99 56.83 72.21 73.30 81.78 87.11 78.73
995.00 67.68 40.32 56.92 72.09 73.26 81.47 86.75 78.78
996.00 67.68 40.32 56.92 72.09 73.26 81.47 86.75 78.78
997.00 67.68 40.32 56.92 72.09 73.26 81.47 86.75 78.78
998.00 67.68 40.32 56.92 72.09 73.26 81.47 86.75 78.78
999.00 67.68 40.32 56.92 72.09 73.26 81.47 86.75 78.78
1000.00 67.75 39.78 56.69 72.21 73.51 81.23 86.81 78.57
1001.00 67.75 39.78 56.69 72.21 73.51 81.23 86.81 78.57
1002.00 67.75 39.78 56.69 72.21 73.51 81.23 86.81 78.57
1003.00 67.75 39.78 56.69 72.21 73.51 81.23 86.81 78.57
1004.00 67.75 39.78 56.69 72.21 73.51 81.23 86.81 78.57
1005.00 67.72 40.12 56.64 72.11 73.37 81.01 86.85 78.92
1006.00 67.72 40.12 56.64 72.11 73.37 81.01 86.85 78.92
1007.00 67.72 40.12 56.64 72.11 73.37 81.01 86.85 78.92
1008.00 67.72 40.12 56.64 72.11 73.37 81.01 86.85 78.92
1009.00 67.72 40.12 56.64 72.11 73.37 81.01 86.85 78.92
1010.00 67.76 40.11 56.60 72.31 73.62 82.05 86.01 78.90
1011.00 67.76 40.11 56.60 72.31 73.62 82.05 86.01 78.90
1012.00 67.76 40.11 56.60 72.31 73.62 82.05 86.01 78.90
1013.00 67.76 40.11 56.60 72.31 73.62 82.05 86.01 78.90
1014.00 67.76 40.11 56.60 72.31 73.62 82.05 86.01 78.90
1015.00 67.72 40.10 56.65 72.18 73.34 81.81 86.89 78.94
1016.00 67.72 40.10 56.65 72.18 73.34 81.81 86.89 78.94
1017.00 67.72 40.10 56.65 72.18 73.34 81.81 86.89 78.94
1018.00 67.72 40.10 56.65 72.18 73.34 81.81 86.89 78.94
1019.00 67.72 40.10 56.65 72.18 73.34 81.81 86.89 78.94
1020.00 67.61 40.19 56.64 72.09 73.21 81.92 86.63 78.25
1021.00 67.61 40.19 56.64 72.09 73.21 81.92 86.63 78.25
1022.00 67.61 40.19 56.64 72.09 73.21 81.92 86.63 78.25
1023.00 67.61 40.19 56.64 72.09 73.21 81.92 86.63 78.25
1024.00 67.61 40.19 56.64 72.09 73.21 81.92 86.63 78.25
1025.00 67.73 39.98 56.61 72.13 73.37 81.69 86.76 78.86
1026.00 67.73 39.98 56.61 72.13 73.37 81.69 86.76 78.86
1027.00 67.73 39.98 56.61 72.13 73.37 81.69 86.76 78.86
1028.00 67.73 39.98 56.61 72.13 73.37 81.69 86.76 78.86
1029.00 67.73 39.98 56.61 72.13 73.37 81.69 86.76 78.86
1030.00 67.68 39.71 56.60 72.17 73.22 81.53 86.56 78.75
1031.00 67.68 39.71 56.60 72.17 73.22 81.53 86.56 78.75
1032.00 67.68 39.71 56.60 72.17 73.22 81.53 86.56 78.75
1033.00 67.68 39.71 56.60 72.17 73.22 81.53 86.56 78.75
1034.00 67.68 39.71 56.60 72.17 73.22 81.53 86.56 78.75
1035.00 67.82 40.18 56.65 71.91 73.16 81.22 86.60 78.83
1036.00 67.82 40.18 56.65 71.91 73.16 81.22 86.60 78.83
1037.00 67.82 40.18 56.65 71.91 73.16 81.22 86.60 78.83
1038.00 67.82 40.18 56.65 71.91 73.16 81.22 86.60 78.83
1039.00 67.82 40.18 56.65 71.91 73.16 81.22 86.60 78.83
1040.00 67.68 40.17 56.40 72.25 73.11 81.31 86.74 78.57
1041.00 67.68 40.17 56.40 72.25 73.11 81.31 86.74 78.57
1042.00 67.68 40.17 56.40 72.25 73.11 81.31 86.74 78.57
1043.00 67.68 40.17 56.40 72.25 73.11 81.31 86.74 78.57
1044.00 67.68 40.17 56.40 72.25 73.11 81.31 86.74 78.57
1045.00 67.65 39.99 56.59 72.13 73.22 81.02 85.94 78.80
1046.00 67.65 39.99 56.59 72.13 73.22 81.02 85.94 78.80
1047.00 67.65 39.99 56.59 72.13 73.22 81.02 85.94 78.80
1048.00 67.65 39.99 56.59 72.13 73.22 81.02 85.94 78.80
1049.00 67.65 39.99 56.59 72.13 73.22 81.02 85.94 78.80
1050.00 68.30 40.15 56.55 72.07 73.14 81.43 86.49 78.56
1051.00 68.30 40.15 56.55 72.07 73.14 81.43 86.49 78.56
1052.00 68.30 40.15 56.55 72.07 73.14 81.43 86.49 78.56
1053.00 68.30 40.15 56.55 72.07 73.14 81.43 86.49 78.56
1054.00 68.30 40.15 56.55 72.07 73.14 81.43 86.49 78.56
1055.00 67.89 40.07 56.52 72.07 73.08 81.14 86.68 78.59
1056.00 67.89 40.07 56.52 72.07 73.08 81.14 86.68 78.59
1057.00 67.89 40.07 56.52 72.07 73.08 81.14 86.68 78.59
1058.00 67.89 40.07 56.52 72.07 73.08 81.14 86.68 78.59
1059.00 67.89 40.07 56.52 72.07 73.08 81.14 86.68 78.59
1060.00 68.03 39.85 56.52 72.04 73.16 80.95 86.11 78.51
1061.00 68.03 39.85 56.52 72.04 73.16 80.95 86.11 78.51
1062.00 68.03 39.85 56.52 72.04 73.16 80.95 86.11 78.51
1063.00 68.03 39.85 56.52 72.04 73.16 80.95 86.11 78.51
1064.00 68.03 39.85 56.52 72.04 73.16 80.95 86.11 78.51
1065.00 68.07 39.80 56.53 72.00 73.02 81.14 86.24 78.69
1066.00 68.07 39.80 56.53 72.00 73.02 81.14 86.24 78.69
1067.00 68.07 39.80 56.53 72.00 73.02 81.14 86.24 78.69
1068.00 68.07 39.80 56.53 72.00 73.02 81.14 86.24 78.69
1069.00 68.07 39.80 56.53 72.00 73.02 81.14 86.24 78.69
1070.00 68.22 40.07 56.50 72.04 73.05 81.39 86.43 78.52
1071.00 68.22 40.07 56.50 72.04 73.05 81.39 86.43 78.52
1072.00 68.22 40.07 56.50 72.04 73.05 81.39 86.43 78.52
1073.00 68.22 40.07 56.50 72.04 73.05 81.39 86.43 78.52
1074.00 68.22 40.07 56.50 72.04 73.05 81.39 86.43 78.52
1075.00 68.41 39.55 56.45 72.03 73.08 81.18 86.29 78.73
1076.00 68.41 39.55 56.45 72.03 73.08 81.18 86.29 78.73
1077.00 68.41 39.55 56.45 72.03 73.08 81.18 86.29 78.73
1078.00 68.41 39.55 56.45 72.03 73.08 81.18 86.29 78.73
1079.00 68.41 39.55 56.45 72.03 73.08 81.18 86.29 78.73
1080.00 68.29 40.25 56.48 72.04 73.03 81.08 86.63 78.41
1081.00 68.29 40.25 56.48 72.04 73.03 81.08 86.63 78.41
1082.00 68.29 40.25 56.48 72.04 73.03 81.08 86.63 78.41
1083.00 68.29 40.25 56.48 72.04 73.03 81.08 86.63 78.41
1084.00 68.29 40.25 56.48 72.04 73.03 81.08 86.63 78.41
1085.00 68.20 40.00 56.48 72.02 73.04 81.26 86.53 78.46
1086.00 68.20 40.00 56.48 72.02 73.04 81.26 86.53 78.46
1087.00 68.20 40.00 56.48 72.02 73.04 81.26 86.53 78.46
1088.00 68.20 40.00 56.48 72.02 73.04 81.26 86.53 78.46
1089.00 68.20 40.00 56.48 72.02 73.04 81.26 86.53 78.46
1090.00 68.37 39.85 56.41 71.98 73.06 80.79 86.02 78.28
1091.00 68.37 39.85 56.41 71.98 73.06 80.79 86.02 78.28
1092.00 68.37 39.85 56.41 71.98 73.06 80.79 86.02 78.28
1093.00 68.37 39.85 56.41 71.98 73.06 80.79 86.02 78.28
1094.00 68.37 39.85 56.41 71.98 73.06 80.79 86.02 78.28
1095.00 68.32 39.79 56.50 71.98 73.02 80.99 86.38 78.35
1096.00 68.32 39.79 56.50 71.98 73.02 80.99 86.38 78.35
1097.00 68.32 39.79 56.50 71.98 73.02 80.99 86.38 78.35
1098.00 68.32 39.79 56.50 71.98 73.02 80.99 86.38 78.35
1099.00 68.32 39.79 56.50 71.98 73.02 80.99 86.38 78.35
1100.00 68.78 39.67 56.47 72.01 73.02 81.29 86.32 78.74
1101.00 68.78 39.67 56.47 72.01 73.02 81.29 86.32 78.74
1102.00 68.78 39.67 56.47 72.01 73.02 81.29 86.32 78.74
1103.00 68.78 39.67 56.47 72.01 73.02 81.29 86.32 78.74
1104.00 68.78 39.67 56.47 72.01 73.02 81.29 86.32 78.74
1105.00 68.37 39.42 56.48 72.03 73.09 80.84 86.33 78.21
1106.00 68.37 39.42 56.48 72.03 73.09 80.84 86.33 78.21
1107.00 68.37 39.42 56.48 72.03 73.09 80.84 86.33 78.21
1108.00 68.37 39.42 56.48 72.03 73.09 80.84 86.33 78.21
1109.00 68.37 39.42 56.48 72.03 73.09 80.84 86.33 78.21
1110.00 68.33 40.07 56.44 71.88 73.09 81.19 86.22 78.36
1111.00 68.33 40.07 56.44 71.88 73.09 81.19 86.22 78.36
1112.00 68.33 40.07 56.44 71.88 73.09 81.19 86.22 78.36
1113.00 68.33 40.07 56.44 71.88 73.09 81.19 86.22 78.36
1114.00 68.33 40.07 56.44 71.88 73.09 81.19 86.22 78.36
1115.00 68.34 39.85 56.45 71.97 72.98 80.97 86.33 78.41
1116.00 68.34 39.85 56.45 71.97 72.98 80.97 86.33 78.41
1117.00 68.34 39.85 56.45 71.97 72.98 80.97 86.33 78.41
1118.00 68.34 39.85 56.45 71.97 72.98 80.97 86.33 78.41
1119.00 68.34 39.85 56.45 71.97 72.98 80.97 86.33 78.41
1120.00 68.27 39.69 56.30 71.91 73.02 81.20 85.83 78.33
1121.00 68.27 39.69 56.30 71.91 73.02 81.20 85.83 78.33
1122.00 68.27 39.69 56.30 71.91 73.02 81.20 85.83 78.33
1123.00 68.27 39.69 56.30 71.91 73.02 81.20 85.83 78.33
1124.00 68.27 39.69 56.30 71.91 73.02 81.20 85.83 78.33
1125.00 68.38 39.55 56.41 71.80 72.83 80.15 86.43 78.62
1126.00 68.38 39.55 56.41 71.80 72.83 80.15 86.43 78.62
1127.00 68.38 39.55 56.41 71.80 72.83 80.15 86.43 78.62
1128.00 68.38 39.55 56.41 71.80 72.83 80.15 86.43 78.62
1129.00 68.38 39.55 56.41 71.80 72.83 80.15 86.43 78.62
1130.00 68.15 39.74 56.33 72.20 73.12 81.35 86.15 78.16
1131.00 68.15 39.74 56.33 72.20 73.12 81.35 86.15 78.16
1132.00 68.15 39.74 56.33 72.20 73.12 81.35 86.15 78.16
1133.00 68.15 39.74 56.33 72.20 73.12 81.35 86.15 78.16
1134.00 68.15 39.74 56.33 72.20 73.12 81.35 86.15 78.16
1135.00 68.50 39.81 56.34 72.14 73.04 80.93 86.25 78.35
1136.00 68.50 39.81 56.34 72.14 73.04 80.93 86.25 78.35
1137.00 68.50 39.81 56.34 72.14 73.04 80.93 86.25 78.35
1138.00 68.50 39.81 56.34 72.14 73.04 80.93 86.25 78.35
1139.00 68.50 39.81 56.34 72.14 73.04 80.93 86.25 78.35
1140.00 68.66 39.60 56.28 72.02 72.93 80.18 86.47 78.49
1141.00 68.66 39.60 56.28 72.02 72.93 80.18 86.47 78.49
1142.00 68.66 39.60 56.28 72.02 72.93 80.18 86.47 78.49
1143.00 68.66 39.60 56.28 72.02 72.93 80.18 86.47 78.49
1144.00 68.66 39.60 56.28 72.02 72.93 80.18 86.47 78.49
1145.00 68.51 39.81 56.30 72.01 73.16 80.80 86.57 78.29
1146.00 68.51 39.81 56.30 72.01 73.16 80.80 86.57 78.29
1147.00 68.51 39.81 56.30 72.01 73.16 80.80 86.57 78.29
1148.00 68.51 39.81 56.30 72.01 73.16 80.80 86.57 78.29
1149.00 68.51 39.81 56.30 72.01 73.16 80.80 86.57 78.29
1150.00 68.56 39.61 56.26 72.04 72.96 80.55 86.28 78.20
1151.00 68.56 39.61 56.26 72.04 72.96 80.55 86.28 78.20
1152.00 68.56 39.61 56.26 72.04 72.96 80.55 86.28 78.20
1153.00 68.56 39.61 56.26 72.04 72.96 80.55 86.28 78.20
1154.00 68.56 39.61 56.26 72.04 72.96 80.55 86.28 78.20
1155.00 68.45 39.89 56.40 72.07 72.74 80.36 86.16 78.77
1156.00 68.45 39.89 56.40 72.07 72.74 80.36 86.16 78.77
1157.00 68.45 39.89 56.40 72.07 72.74 80.36 86.16 78.77
1158.00 68.45 39.89 56.40 72.07 72.74 80.36 86.16 78.77
1159.00 68.45 39.89 56.40 72.07 72.74 80.36 86.16 78.77
1160.00 68.38 39.68 56.24 72.28 73.08 80.31 85.69 78.32
1161.00 68.38 39.68 56.24 72.28 73.08 80.31 85.69 78.32
1162.00 68.38 39.68 56.24 72.28 73.08 80.31 85.69 78.32
1163.00 68.38 39.68 56.24 72.28 73.08 80.31 85.69 78.32
1164.00 68.38 39.68 56.24 72.28 73.08 80.31 85.69 78.32
1165.00 68.49 39.65 56.22 72.27 72.95 79.77 86.47 78.37
1166.00 68.49 39.65 56.22 72.27 72.95 79.77 86.47 78.37
1167.00 68.49 39.65 56.22 72.27 72.95 79.77 86.47 78.37
1168.00 68.49 39.65 56.22 72.27 72.95 79.77 86.47 78.37
1169.00 68.49 39.65 56.22 72.27 72.95 79.77 86.47 78.37
1170.00 68.59 39.46 56.19 71.83 73.07 79.65 86.29 78.02
1171.00 68.59 39.46 56.19 71.83 73.07 79.65 86.29 78.02
1172.00 68.59 39.46 56.19 71.83 73.07 79.65 86.29 78.02
1173.00 68.59 39.46 56.19 71.83 73.07 79.65 86.29 78.02
1174.00 68.59 39.46 56.19 71.83 73.07 79.65 86.29 78.02
1175.00 68.97 39.49 56.18 71.92 72.79 80.25 85.72 78.55
1176.00 68.97 39.49 56.18 71.92 72.79 80.25 85.72 78.55
1177.00 68.97 39.49 56.18 71.92 72.79 80.25 85.72 78.55
1178.00 68.97 39.49 56.18 71.92 72.79 80.25 85.72 78.55
1179.00 68.97 39.49 56.18 71.92 72.79 80.25 85.72 78.55
1180.00 68.85 39.21 56.16 71.92 72.86 80.70 86.38 78.21
1181.00 68.85 39.21 56.16 71.92 72.86 80.70 86.38 78.21
1182.00 68.85 39.21 56.16 71.92 72.86 80.70 86.38 78.21
1183.00 68.85 39.21 56.16 71.92 72.86 80.70 86.38 78.21
1184.00 68.85 39.21 56.16 71.92 72.86 80.70 86.38 78.21
1185.00 69.00 39.79 56.23 72.03 72.67 80.30 85.82 78.35
1186.00 69.00 39.79 56.23 72.03 72.67 80.30 85.82 78.35
1187.00 69.00 39.79 56.23 72.03 72.67 80.30 85.82 78.35
1188.00 69.00 39.79 56.23 72.03 72.67 80.30 85.82 78.35
1189.00 69.00 39.79 56.23 72.03 72.67 80.30 85.82 78.35
1190.00 69.08 39.76 55.97 72.19 72.81 80.36 86.27 78.09
1191.00 69.08 39.76 55.97 72.19 72.81 80.36 86.27 78.09
1192.00 69.08 39.76 55.97 72.19 72.81 80.36 86.27 78.09
1193.00 69.08 39.76 55.97 72.19 72.81 80.36 86.27 78.09
1194.00 69.08 39.76 55.97 72.19 72.81 80.36 86.27 78.09
1195.00 68.99 39.77 56.09 72.08 72.92 80.07 86.24 78.41
1196.00 68.99 39.77 56.09 72.08 72.92 80.07 86.24 78.41
1197.00 68.99 39.77 56.09 72.08 72.92 80.07 86.24 78.41
1198.00 68.99 39.77 56.09 72.08 72.92 80.07 86.24 78.41
1199.00 68.99 39.77 56.09 72.08 72.92 80.07 86.24 78.41
